46   67   22   93   8    79   34   55   20   81   
21   92   7    78   33   54   19   0    45   66   
6    77   32   53   18   0    44   65   30   91   
31   52   17   0    43   64   29   90   5    76   
16   0    42   63   28   89   4    75   40   51   
41   62   27   88   3    74   39   60   15   86   
26   87   2    73   38   59   14   85   50   61   
1    72   37   58   13   84   49   70   25   96   
36   57   12   83   48   69   24   95   10   71   
11   82   47   68   23   94   9    80   35   56   
