2011 11 01 00    01003 31682 10406 11101 21172 40157 56001 70100 81500 555 0/108
2011 11 01 03    01003 41682 10504 11099 21163 40149 58008 70200 81500 555 0/408
2011 11 01 06    01003 31584 20606 11095 21158 40142 56007 70300 82500 333 21120 48001 555 0/508 11092 
2011 11 01 09    01003 41584 20604 11095 21156 40131 58011 70200 82500 555 0/608
2011 11 01 12    01003 31684 20104 11104 21164 40133 51002 70300 82501 555 0/310
2011 11 01 15    01003 41684 10406 11108 21167 40127 57006 70100 81501 555 0/410
2011 11 01 18    01003 31984 00406 11108 21170 40124 58003 70100 333 11087 555 0/510 21119 
2011 11 01 21    01003 41984 00606 11120 21164 40126 50002 70200 555 0/610
2011 11 02 00    01003 31984 00504 11114 21158 40122 55004 70200 555 0/110
2011 11 02 03    01003 41984 00808 11110 21160 40112 57010 70200 555 0/110
2011 11 02 06    01003 31684 10708 11105 21159 40114 53002 70300 81500 333 21125 48001 555 0/210 11103 
2011 11 02 09    01003 41684 10608 11104 21170 40120 52006 70200 81500 555 0/410
2011 11 02 12    01003 31584 40804 11104 21142 40125 52005 70300 82530 555 0/510
2011 11 02 15    01003 41582 60000 11095 21139 40134 53009 70311 86500 555 0/610
2011 11 02 18    01003 11465 80000 11083 21123 40144 52010 69902 77111 885// 333 11080 555 0/608 21114 
2011 11 02 21    01003 41570 12702 11081 21125 40153 52009 70171 81500 555 0/608
2011 11 03 00    01003 11580 70904 11067 21104 40165 52012 69911 70371 81508 555 0/606
2011 11 03 03    01003 41582 73404 11059 21115 40174 52009 70322 82508 555 0/210
2011 11 03 06    01003 11682 30906 11060 21100 40187 52013 69912 70311 82530 333 21089 555 0/410 11052 
2011 11 03 09    01003 41684 40504 11066 21121 40202 52015 70300 82530 555 0/510
2011 11 03 12    01003 31784 70708 11069 21105 40214 52012 70311 875// 555 0/610
2011 11 03 15    01003 41782 70808 11052 21103 40220 51006 70222 875// 555 0/312
2011 11 03 18    01003 31782 70908 11045 21086 40226 51006 70122 83508 333 11041 555 0/412 21081 
2011 11 03 21    01003 41781 50708 11039 21094 40233 51007 70122 83508 555 0/512
2011 11 04 00    01003 31681 60608 11032 21092 40234 50001 70322 83508 555 0/612
2011 11 04 03    01003 41682 20608 11034 21081 40234 54000 70111 82508 555 0/214
2011 11 04 06    01003 31580 21014 11024 21056 40226 57008 70111 82500 333 21051 47001 91121 555 0/114 11024 
2011 11 04 09    01003 41582 70821 11021 21073 40211 57015 70311 82508 555 0/021
2011 11 04 12    01003 31582 80817 11013 21054 40201 58010 70111 81507 333 91133 555 0/421
2011 11 04 15    01003 41582 80816 11001 21036 40177 57024 70222 81507 555 0/521
2011 11 04 18    01003 31580 81514 10022 21018 40164 58013 70322 82507 333 10023 555 0/621 21024 
2011 11 04 21    01003 41580 81614 10023 21005 40150 57014 70322 84507 555 0/621
2011 11 05 00    01003 31570 81612 10027 20005 40132 57018 70222 84507 333 91121 555 0/619
2011 11 05 03    01003 41570 81508 10029 20016 40103 57028 70322 86507 555 0/617
2011 11 05 06    01003 11250 81610 10026 20019 40088 57015 69902 75122 886// 333 20020 41998 555 0/616 10030 
2011 11 05 09    01003 41360 81708 10028 20021 40066 57022 75055 876// 555 0/612
2011 11 05 12    01003 11458 81710 10031 20024 40053 57013 69911 72052 876// 555 0/612
2011 11 05 15    01003 41105 82202 10030 20026 40041 57012 74622 886// 555 0/612
2011 11 05 18    01003 11458 82902 10036 20032 40031 57010 69912 71042 885// 333 10043 555 0/610 20025 
2011 11 05 21    01003 41456 82602 10038 20029 40015 57016 71022 885// 555 0/610
2011 11 06 00    01003 11461 80000 10048 20038 49992 58023 69901 76122 885// 555 0/610
2011 11 06 03    01003 41257 81810 10040 20035 49959 57033 75165 885// 555 0/114
2011 11 06 06    01003 11208 82514 10027 20024 49958 55001 60032 74465 886// 333 20021 555 0/121 10052 
2011 11 06 09    01003 41365 82714 10035 20017 49974 51016 72854 885// 555 0/421
2011 11 06 12    01003 11465 72614 10029 20013 49982 52008 69971 72054 86838 555 0/521
2011 11 06 15    01003 41458 82708 10027 20013 49980 58002 71022 885// 555 0/621
2011 11 06 18    01003 11457 82010 10029 20017 49968 57012 69972 71022 885// 333 10039 555 0/217 20018 
2011 11 06 21    01003 41465 81812 10041 20021 49938 57030 76062 885// 555 0/417
2011 11 07 00    01003 11458 81923 10041 20031 49892 57046 60021 76362 885// 555 0/125
2011 11 07 03    01003 41460 81716 10044 20030 49839 57053 76166 885// 555 0/425
2011 11 07 06    01003 11456 81712 10040 20026 49762 57077 60092 76366 885// 333 20029 91127 555 0/525 10047 
2011 11 07 09    01003 41458 80602 10029 20021 49732 57030 76166 885// 555 0/625
2011 11 07 12    01003 11458 82602 10023 20014 49722 56010 60061 76062 875// 555 0/625
2011 11 07 15    01003 41205 82504 10015 20011 49734 52012 74665 876// 555 0/616
2011 11 07 18    01003 11470 83016 10013 21001 49769 52035 60082 77165 8652/ 333 10041 91133 555 0/217 20011 
2011 11 07 21    01003 41430 83029 11002 21023 49830 52061 77173 8752/ 555 0/131
2011 11 08 00    01003 11561 82919 11016 21037 49894 52064 69901 77073 885// 333 91151 555 0/331
2011 11 08 03    01003 41530 82817 11003 21016 49923 51029 77177 885// 555 0/431
2011 11 08 06    01003 11584 23306 11003 21041 49969 52046 69902 70171 82500 333 21017 91137 555 0/531 10016 
2011 11 08 09    01003 41584 33014 11012 21055 40036 52066 70300 82508 555 0/631
2011 11 08 12    01003 31584 42916 11023 21060 40083 52047 70300 84508 333 91127 555 0/621
2011 11 08 15    01003 41580 63114 11029 21064 40106 51023 70371 84558 555 0/621
2011 11 08 18    01003 11580 82910 11034 21071 40119 52013 69902 70371 85506 333 11002 91129 555 0/419 21034 
2011 11 08 21    01003 41582 83110 11034 21079 40118 58001 70122 8353/ 555 0/519
2011 11 09 00    01003 31582 82804 11036 21077 40112 58006 70122 81507 555 0/619
2011 11 09 03    01003 41584 80806 11029 21072 40090 57022 70322 8157/ 555 0/614
2011 11 09 06    01003 11570 80714 11033 21041 40053 57037 69912 77122 8152/ 333 21036 47997 555 0/114 11021 
2011 11 09 09    01003 41358 80912 11010 21016 40038 57015 75675 876// 555 0/216
2011 11 09 12    01003 11220 81106 11014 21016 40031 57007 69991 75775 886// 555 0/416
2011 11 09 15    01003 41103 82614 10012 20010 40033 52003 75754 886// 555 0/516
2011 11 09 18    01003 11565 72823 10020 20000 40037 52004 60032 72054 875// 333 10023 91129 555 0/123 21033 
2011 11 09 21    01003 41575 72817 10010 21021 40053 51015 70322 878// 555 0/423
2011 11 10 00    01003 31575 82917 10004 21031 40060 51007 70122 885// 333 91133 555 0/523
2011 11 10 03    01003 41558 82612 11005 21019 40063 50003 71022 885// 555 0/623
2011 11 10 06    01003 11558 82817 11006 21028 40062 55001 69902 77132 885// 333 21009 45998 91123 555 0/621 10021 
2011 11 10 09    01003 41570 83017 11023 21055 40084 52022 70222 885// 555 0/321
2011 11 10 12    01003 31470 63017 11040 21069 40115 52031 70122 865// 333 91137 555 0/221
2011 11 10 15    01003 41584 13110 11064 21108 40171 51056 70111 81501 555 0/421
2011 11 10 18    01003 31584 23106 11067 21119 40219 52048 70311 81508 333 11006 91133 555 0/521 21070 
2011 11 10 21    01003 41984 73202 11065 21123 40251 52032 70111 80008 555 0/621
2011 11 11 00    01003 31984 70604 11059 21129 40266 52015 70211 80008 555 0/619
2011 11 11 03    01003 41984 70812 11046 21111 40269 52003 70322 83058 555 0/614
2011 11 11 06    01003 31584 80917 11039 21080 40264 55005 70322 81537 333 21071 91129 555 0/219 11039 
2011 11 11 09    01003 41570 80819 11018 21045 40246 55018 70322 84507 555 0/223
2011 11 11 12    01003 11558 80819 11008 21025 40203 57043 69901 77132 885// 333 91137 555 0/423
2011 11 11 15    01003 41520 80823 11008 21015 40156 57047 77373 885// 555 0/125
2011 11 11 18    01003 11665 80916 10012 21005 40121 57035 60022 70273 885// 333 10012 91137 555 0/425 21039 
2011 11 11 21    01003 41225 80904 10004 20002 40116 57005 75162 885// 555 0/525
2011 11 12 00    01003 11225 82716 10027 20023 40102 57014 60011 75165 885// 555 0/625
2011 11 12 03    01003 41230 82817 10023 20015 40089 57013 75155 885// 555 0/623
2011 11 12 06    01003 11220 82719 10009 20004 40073 56016 60032 76955 885// 333 20001 41998 91129 555 0/221 10027 
2011 11 12 09    01003 41358 82719 10013 21002 40086 53013 76975 885// 555 0/323
2011 11 12 12    01003 11358 82923 10005 21009 40106 52020 69991 72075 885// 333 91135 555 0/123
2011 11 12 15    01003 41458 83019 10002 21010 40105 58001 76872 885// 555 0/423
2011 11 12 18    01003 11470 73212 11003 21029 40102 55003 60012 70176 83508 333 10020 91133 555 0/523 21007 
2011 11 12 21    01003 41582 82812 11016 21050 40100 58002 70122 82507 555 0/623
2011 11 13 00    01003 11960 82708 11023 21047 40085 57015 69901 77122 8801/ 333 91121 555 0/621
2011 11 13 03    01003 41958 80206 11035 21054 40054 57031 77177 8801/ 555 0/619
2011 11 13 06    01003 11956 83604 11041 21063 40022 57032 69922 77177 8802/ 333 21041 47001 555 0/512 11003 
2011 11 13 09    01003 41560 83014 11064 21082 40005 57017 77177 8252/ 555 0/014
2011 11 13 12    01003 11575 63210 11088 21136 49990 55015 69921 70373 86800 333 91125 555 0/219
2011 11 13 15    01003 41682 33108 11106 21167 40011 52021 70171 83500 555 0/419
2011 11 13 18    01003 11984 03404 11131 21223 40053 52042 69922 70171 333 11041 91131 555 0/519 21132 
2011 11 13 21    01003 41570 43108 11119 21152 40046 57007 77031 84500 555 0/619
2011 11 14 00    01003 11530 73316 11116 21143 40037 55009 69901 77173 8451/ 333 91156 555 0/125
2011 11 14 03    01003 41684 13512 11132 21188 40059 52022 70173 81500 555 0/425
2011 11 14 06    01003 11984 12904 11126 21207 40091 52032 69902 70173 80001 333 21137 45998 91145 555 0/525 11112 
2011 11 14 09    01003 41684 10808 11112 21184 40124 52033 70300 81531 555 0/625
2011 11 14 12    01003 31684 13104 11111 21170 40140 52016 70100 81500 555 0/621
2011 11 14 15    01003 41684 10506 11107 21163 40153 52013 70200 81500 555 0/612
2011 11 14 18    01003 31684 22702 11106 21139 40159 52006 70300 82500 333 11101 555 0/510 21132 
2011 11 14 21    01003 41684 20704 11112 21143 40156 56003 70300 82501 555 0/610
2011 11 15 00    01003 31684 20504 11117 21151 40157 50001 70100 81501 555 0/608
2011 11 15 03    01003 41684 30606 11105 21148 40150 57007 70300 81501 555 0/210
2011 11 15 06    01003 31984 10708 11117 21152 40150 50000 70100 81031 333 21124 45998 555 0/410 11101 
2011 11 15 09    01003 41984 20914 11102 21151 40147 58003 70300 82031 555 0/014
2011 11 15 12    01003 31684 30806 11094 21136 40150 50003 70300 82538 555 0/414
2011 11 15 15    01003 41784 50304 11088 21116 40136 57014 70311 82538 555 0/514
2011 11 15 18    01003 31784 40906 11079 21121 40127 57009 70111 81530 333 11079 555 0/614 21121 
2011 11 15 21    01003 41784 70908 11074 21106 40109 58018 70311 81538 555 0/612
2011 11 16 00    01003 31784 80710 11068 21104 40077 57032 70311 8151/ 555 0/214
2011 11 16 03    01003 41956 80710 11064 21074 40049 57028 77122 8801/ 555 0/414
2011 11 16 06    01003 11435 80810 11050 21059 40017 57032 69962 77172 8352/ 333 21089 47002 555 0/514 11050 
2011 11 16 09    01003 41435 80710 11040 21048 49999 57018 77377 8352/ 555 0/614
2011 11 16 12    01003 11411 80712 11029 21034 49992 55007 69991 77377 8352/ 555 0/216
2011 11 16 15    01003 41411 80512 11019 21029 40004 53012 77377 8452/ 555 0/416
2011 11 16 18    01003 11560 60514 11015 21047 40034 53030 60012 73677 84510 333 11010 91127 555 0/117 21053 
2011 11 16 21    01003 41660 70914 11024 21051 40069 52035 77132 8351/ 555 0/317
2011 11 17 00    01003 11665 80808 11030 21055 40091 52022 69901 77173 8351/ 555 0/417
2011 11 17 03    01003 41660 80908 11035 21046 40099 52008 77177 8352/ 555 0/517
2011 11 17 06    01003 11560 81014 11038 21048 40097 56002 69912 77177 875// 333 21041 555 0/617 11011 
2011 11 17 09    01003 41556 80912 11043 21055 40105 52008 77177 885// 555 0/216
2011 11 17 12    01003 11656 80608 11049 21060 40103 58002 69931 77376 8652/ 555 0/416
2011 11 17 15    01003 41640 80712 11044 21060 40097 58006 77377 885// 555 0/516
2011 11 17 18    01003 11640 80819 11045 21060 40095 56002 69942 77173 885// 333 11038 91137 555 0/119 21053 
2011 11 17 21    01003 41630 80821 11051 21077 40096 53001 77173 885// 555 0/123
2011 11 18 00    01003 11470 40916 11054 21086 40104 52008 69901 70173 83510 333 91135 555 0/423
2011 11 18 03    01003 41465 40816 11061 21102 40114 52010 77173 84510 555 0/523
2011 11 18 06    01003 11430 70606 11073 21113 40124 52010 69902 77173 8551/ 333 21074 48004 91129 555 0/623 11045 
2011 11 18 09    01003 41462 60610 11079 21125 40133 52009 77077 85510 555 0/621
2011 11 18 12    01003 11472 30208 11101 21151 40144 52011 69901 70171 83500 555 0/617
2011 11 18 15    01003 41580 10308 11103 21164 40150 52006 70100 81500 555 0/616
2011 11 18 18    01003 11984 00504 11120 21167 40157 53007 69902 70100 333 11070 555 0/612 21122 
2011 11 18 21    01003 41984 70908 11092 21139 40159 51002 70311 80008 555 0/510
2011 11 19 00    01003 31684 10606 11102 21145 40163 50004 70311 81500 555 0/610
2011 11 19 03    01003 41684 60808 11091 21131 40163 50000 70311 81530 555 0/610
2011 11 19 06    01003 31984 30708 11087 21126 40164 52001 70111 82039 333 21125 44004 555 0/110 11082 
2011 11 19 09    01003 41684 70708 11081 21138 40166 53002 70311 8153/ 555 0/310
2011 11 19 12    01003 31682 80810 11071 21134 40161 58005 70311 875// 555 0/010
2011 11 19 15    01003 41660 80912 11067 21079 40142 57019 77172 885// 555 0/012
2011 11 19 18    01003 11530 80912 11055 21063 40121 57021 69972 77372 885// 333 11054 555 0/412 21092 
2011 11 19 21    01003 41556 80912 11042 21059 40107 56014 77172 885// 555 0/212
2011 11 20 00    01003 11562 80712 11035 21055 40105 56002 69921 77072 885// 555 0/412
2011 11 20 03    01003 41459 70710 11037 21073 40104 55001 77072 875// 555 0/512
2011 11 20 06    01003 11556 80610 11031 21069 40103 57001 69922 77172 885// 333 21055 48008 555 0/312 11031 
2011 11 20 09    01003 41765 80614 11030 21057 40100 57003 70272 885// 555 0/114
2011 11 20 12    01003 11465 80706 11026 21051 40106 52006 69901 77172 885// 333 91125 555 0/316
2011 11 20 15    01003 41470 50706 11034 21059 40100 58006 72272 84508 555 0/416
2011 11 20 18    01003 11570 80806 11023 21050 40097 57003 69902 70372 885// 333 11020 555 0/516 21051 
2011 11 20 21    01003 41580 80506 11009 21044 40095 56002 70222 885// 555 0/616
2011 11 21 00    01003 11558 80706 11009 21015 40093 58002 69941 77122 885// 555 0/508
2011 11 21 03    01003 41570 80806 10005 21004 40083 57010 70272 885// 555 0/608
2011 11 21 06    01003 11558 81812 10006 20001 40075 57008 60022 76872 885// 333 21026 44006 555 0/012 10008 
2011 11 21 09    01003 41565 81714 10010 21017 40069 57006 70272 885// 555 0/117
2011 11 21 12    01003 11556 81410 10001 21006 40048 57021 69921 77122 8652/ 555 0/417
2011 11 21 15    01003 41556 81617 10012 20003 40009 57038 76877 8652/ 555 0/119
2011 11 21 18    01003 11558 81719 10026 20016 49968 57041 60042 76376 885// 333 10026 91131 555 0/121 20000 
2011 11 21 21    01003 41550 82510 10018 20015 49952 56016 76366 885// 555 0/221
2011 11 22 00    01003 11562 80000 10015 20005 49956 52004 60051 70266 885// 555 0/421
2011 11 22 03    01003 41450 82906 10020 20008 49956 54000 71022 885// 555 0/521
2011 11 22 06    01003 11456 82802 10026 20011 49962 52006 60052 71022 885// 333 20012 41998 555 0/621 10036 
2011 11 22 09    01003 41445 72602 10023 20011 49970 52008 71022 875// 555 0/612
2011 11 22 12    01003 31450 72108 10016 20002 49961 57009 71022 8652/ 555 0/108
2011 11 22 15    01003 41456 80000 10025 20005 49940 57021 71022 885// 555 0/408
2011 11 22 18    01003 31456 82106 10015 20000 49910 57030 71022 885// 333 10030 555 0/508 20013 
2011 11 22 21    01003 41440 82314 10007 20000 49888 57022 77962 8652/ 555 0/014
2011 11 23 00    01003 11570 82614 10017 20001 49900 52012 60041 70376 875// 333 91123 555 0/317
2011 11 23 03    01003 41565 82608 10013 21003 49909 52009 70222 875// 555 0/417
2011 11 23 06    01003 11680 32508 10015 21004 49909 50000 60042 70111 835// 333 20000 44001 91133 555 0/217 10022 
2011 11 23 09    01003 41570 72604 10007 21006 49910 50001 70311 875// 555 0/417
2011 11 23 12    01003 11560 82704 10015 21004 49879 57031 69961 70371 875// 555 0/517
2011 11 23 15    01003 41560 80914 10010 20001 49822 57057 76822 885// 555 0/617
2011 11 23 18    01003 11560 80912 10024 20011 49747 57075 60072 76176 885// 333 10024 555 0/121 20006 
2011 11 23 21    01003 41556 82008 10024 20011 49731 58016 76162 885// 555 0/421
2011 11 24 00    01003 11445 81606 10028 20015 49709 57022 69941 76362 885// 333 91129 555 0/521
2011 11 24 03    01003 41450 81904 10018 20009 49696 57013 76365 885// 555 0/621
2011 11 24 06    01003 11430 82804 10025 20015 49693 58003 60062 76365 885// 333 20014 41998 91121 555 0/619 10040 
2011 11 24 09    01003 41558 81904 10020 20008 49694 51001 72162 875// 555 0/514
2011 11 24 12    01003 11656 80000 10012 20003 49697 51003 69981 71062 875// 555 0/614
2011 11 24 15    01003 41415 80402 10012 20008 49706 52009 76342 885// 555 0/514
2011 11 24 18    01003 11311 81310 10001 21001 49721 52015 60022 76864 885// 333 10027 555 0/614 20001 
2011 11 24 21    01003 41440 80000 11004 21009 49745 52024 77177 885// 555 0/310
2011 11 25 00    01003 11415 80000 11014 21016 49767 52022 69921 77177 885// 555 0/410
2011 11 25 03    01003 41415 80000 11018 21020 49781 52014 77177 885// 555 0/510
2011 11 25 06    01003 11540 80000 11030 21033 49797 52016 69942 77177 885// 333 21030 43001 555 0/610 10001 
2011 11 25 09    01003 41456 80000 11037 21042 49803 52006 77122 875// 555 0/000
2011 11 25 09    01003 41456 81017 11037 21042 49803 52006 77122 875// 555 0/000
2011 11 25 12    01003 11560 80917 11040 21056 49811 52008 69901 77172 875// 333 91119 555 0/117
2011 11 25 15    01003 41560 80817 11046 21076 49806 55005 77177 885// 555 0/119
2011 11 25 18    01003 11570 80812 11050 21091 49809 52003 69902 77172 8451/ 333 11029 91129 555 0/219 21050 
2011 11 25 21    01003 41565 50810 11056 21092 49810 54000 77177 84510 555 0/419
2011 11 26 00    01003 11580 20408 11068 21112 49808 56002 69901 70171 82501 333 91127 555 0/519
2011 11 26 03    01003 41465 40208 11074 21120 49813 53005 70300 83501 555 0/619
2011 11 26 06    01003 11570 40210 11075 21121 49817 52004 69902 70100 82530 333 21078 43001 555 0/516 11050 
2011 11 26 09    01003 41560 80010 11079 21125 49827 52010 77111 885// 555 0/616
2011 11 26 12    01003 11568 30012 11085 21135 49835 52008 69901 70171 81538 555 0/214
2011 11 26 15    01003 41562 40210 11095 21139 49846 51011 70300 83508 555 0/414
2011 11 26 18    01003 11575 20310 11102 21145 49854 53008 69902 70100 82500 333 11075 555 0/514 21104 
2011 11 26 21    01003 41582 10010 11106 21153 49858 52004 70100 81500 555 0/614
2011 11 27 00    01003 31682 10112 11107 21159 49869 52011 70200 81500 555 0/512
2011 11 27 03    01003 41682 10208 11104 21163 49874 52005 70200 81500 555 0/612
2011 11 27 06    01003 31982 00208 11103 21172 49875 51001 70100 333 21112 43001 555 0/512 11100 
2011 11 27 09    01003 41984 20604 11117 21175 49881 52006 70300 80002 555 0/612
2011 11 27 12    01003 31975 40506 11125 21191 49885 52004 70300 80002 555 0/612
2011 11 27 15    01003 41975 20504 11117 21178 49889 51004 70100 80002 555 0/508
2011 11 27 18    01003 31980 12702 11117 21177 49888 58001 70100 80001 333 11103 555 0/608 21132 
2011 11 27 21    01003 41980 10806 11101 21153 49898 51010 70200 80001 555 0/608
2011 11 28 00    01003 31984 00000 11097 21158 49903 53005 70100 555 0/306
2011 11 28 03    01003 41984 00604 11089 21150 49911 52008 70200 555 0/406
2011 11 28 06    01003 31980 01402 11084 21128 49919 52008 70200 333 21121 43001 555 0/208 11084 
2011 11 28 09    01003 41884 40702 11087 21132 49932 52013 70300 83031 555 0/408
2011 11 28 12    01003 31884 30604 11085 21142 49950 52018 70100 82031 555 0/208
2011 11 28 15    01003 41881 30506 11080 21125 49958 51008 70200 82031 555 0/112
2011 11 28 18    01003 31881 71012 11058 21105 49958 54000 70311 83038 333 11052 555 0/114 21098 
2011 11 28 21    01003 41965 80912 11046 21104 49964 52006 77122 8801/ 555 0/114
2011 11 29 00    01003 11960 80819 11045 21086 49962 55002 69901 77172 8802/ 333 91131 555 0/019
2011 11 29 03    01003 41956 80816 11048 21069 49969 53007 77173 8802/ 555 0/419
2011 11 29 06    01003 11975 00912 11048 21078 49974 52005 69902 70173 333 21054 43001 91133 555 0/519 11041 
2011 11 29 09    01003 41880 30710 11064 21099 49975 50001 70100 83030 555 0/619
2011 11 29 09    01003 41880 30710 11064 21099 49975 50001 70300 83030 555 0/619
2011 11 29 12    01003 31682 30810 11065 21092 49964 57011 70300 81531 555 0/619
2011 11 29 15    01003 41970 80717 11040 21092 49941 57023 77011 8801/ 555 0/117
2011 11 29 18    01003 11930 80819 11022 21039 49905 57035 69912 77173 88020 333 11022 91137 555 0/123 21071 
2011 11 29 21    01003 41912 80927 11012 21037 49870 57035 77173 8802/ 555 0/227
2011 11 30 00    01003 11/01 90935 11020 21027 49818 58052 69911 73977 333 91154 555 0/139
2011 11 30 03    01003 41/01 90843 11023 21033 49789 58029 77373 555 0/043
2011 11 30 06    01003 11908 30739 11015 21042 49776 58013 69922 73977 83020 333 21026 48001 91195 555 0/345 11008 
2011 11 30 09    01003 41/02 90531 11024 21038 49774 58002 73973 555 0/445
2011 11 30 12    01003 11/02 90639 11016 21032 49732 55042 69901 73973 333 91174 555 0/545
2011 11 30 15    01003 41/01 90635 11020 21038 49681 57051 73973 555 0/645
2011 11 30 18    01003 11/01 90643 11022 21036 49657 57024 69982 77373 333 11006 91174 555 0/143 21028 
2011 11 30 21    01003 41/01 90535 11024 21039 49660 53003 77373 555 0/345