256
0x0
000000
000000
000000
000000
000000
000000
000000
000000
000000
000000
000000
000000
0x1
000000
000000
000000
000000
000000
000000
000000
000000
000000
000000
000000
000000
0x2
000000
000000
000000
000000
000000
000000
000000
000000
000000
000000
000000
000000
0x3
000000
000000
000000
000000
000000
000000
000000
000000
000000
000000
000000
000000
0x4
000000
000000
000000
000000
000000
000000
000000
000000
000000
000000
000000
000000
0x5
000000
000000
000000
000000
000000
000000
000000
000000
000000
000000
000000
000000
0x6
000000
000000
000000
000000
000000
000000
000000
000000
000000
000000
000000
000000
0x7
000000
000000
000000
000000
000000
000000
000000
000000
000000
000000
000000
000000
0x8
000000
000000
000000
000000
000000
000000
000000
000000
000000
000000
000000
000000
0x9
000000
000000
000000
000000
000000
000000
000000
000000
000000
000000
000000
000000
0xa
000000
000000
000000
000000
000000
000000
000000
000000
000000
000000
000000
000000
0xb
000000
000000
000000
000000
000000
000000
000000
000000
000000
000000
000000
000000
0xc
000000
000000
000000
000000
000000
000000
000000
000000
000000
000000
000000
000000
0xd
000000
000000
000000
000000
000000
000000
000000
000000
000000
000000
000000
000000
0xe
000000
000000
000000
000000
000000
000000
000000
000000
000000
000000
000000
000000
0xf
000000
000000
000000
000000
000000
000000
000000
000000
000000
000000
000000
000000
0x10
000000
000000
000000
000000
000000
000000
000000
000000
000000
000000
000000
000000
0x11
000000
000000
000000
000000
000000
000000
000000
000000
000000
000000
000000
000000
0x12
000000
000000
000000
000000
000000
000000
000000
000000
000000
000000
000000
000000
0x13
000000
000000
000000
000000
000000
000000
000000
000000
000000
000000
000000
000000
0x14
000000
000000
000000
000000
000000
000000
000000
000000
000000
000000
000000
000000
0x15
000000
000000
000000
000000
000000
000000
000000
000000
000000
000000
000000
000000
0x16
000000
000000
000000
000000
000000
000000
000000
000000
000000
000000
000000
000000
0x17
000000
000000
000000
000000
000000
000000
000000
000000
000000
000000
000000
000000
0x18
000000
000000
000000
000000
000000
000000
000000
000000
000000
000000
000000
000000
0x19
000000
000000
000000
000000
000000
000000
000000
000000
000000
000000
000000
000000
0x1a
000000
000000
000000
000000
000000
000000
000000
000000
000000
000000
000000
000000
0x1b
000000
000000
000000
000000
000000
000000
000000
000000
000000
000000
000000
000000
0x1c
000000
000000
000000
000000
000000
000000
000000
000000
000000
000000
000000
000000
0x1d
000000
000000
000000
000000
000000
000000
000000
000000
000000
000000
000000
000000
0x1e
000000
000000
000000
000000
000000
000000
000000
000000
000000
000000
000000
000000
0x1f
000000
000000
000000
000000
000000
000000
000000
000000
000000
000000
000000
000000
0x20
000000
000000
000000
000000
000000
000000
000000
000000
000000
000000
000000
000000
0x21
001100
011110
011110
001110
001110
001100
001100
000000
001100
001100
000000
000000
0x22
010010
010010
010010
100100
000000
000000
000000
000000
000000
000000
000000
000000
0x23
010010
010010
111111
010010
010010
111111
010010
010010
000000
000000
000000
000000
0x24
001000
011110
100001
111100
000011
101001
011110
001000
000000
000000
000000
000000
0x25
110001
110010
000100
000100
001000
010000
100011
100011
000000
000000
000000
000000
0x26
011100
100010
100010
010100
001000
010101
100010
011101
000000
000000
000000
000000
0x27
000010
000010
000010
000100
000000
000000
000000
000000
000000
000000
000000
000000
0x28
000010
000100
001000
001000
001000
001000
000100
000010
000000
000000
000000
000000
0x29
010000
001000
000100
000100
000100
000100
001000
010000
000000
000000
000000
000000
0x2a
001001
101010
101100
011111
111100
011010
101001
101000
000000
000000
000000
000000
0x2b
000000
001100
001100
111111
111111
001100
001100
000000
000000
000000
000000
000000
0x2d
000000
000000
000000
111111
111111
000000
000000
000000
000000
000000
000000
000000
0x2c
000000
000000
000000
000000
000010
000010
000010
001100
000000
000000
000000
000000
0x2e
000000
000000
000000
000000
000000
000000
001100
001100
000000
000000
000000
000000
0x2f
000001
000001
000010
000100
001000
001000
010000
100000
000000
000000
000000
000000
0x30
011110
110001
101001
101001
100101
100101
100001
011110
000000
000000
000000
000000
0x31
000110
001010
010010
000010
000010
000010
000010
000111
000000
000000
000000
000000
0x32
011110
100001
100010
000100
001000
010001
111111
000000
000000
000000
000000
000000
0x33
011110
100001
000001
001110
000001
100001
100001
011110
000000
000000
000000
000000
0x34
010010
010010
100010
111111
000010
000010
000010
000010
000000
000000
000000
000000
0x35
111111
100000
100000
101110
110001
000001
100001
011110
000000
000000
000000
000000
0x36
011110
100001
100000
100000
111110
100001
100001
011110
000000
000000
000000
000000
0x37
111111
100010
000100
011111
001000
001000
010000
100000
000000
000000
000000
000000
0x38
011110
100001
100001
011110
010010
100001
100001
011110
000000
000000
000000
000000
0x39
011110
100001
100001
011111
000001
000001
100001
011110
000000
000000
000000
000000
0x3a
000000
000000
000000
001100
001100
000000
001100
001100
000000
000000
000000
000000
0x3b
000000
000000
000000
001100
001100
000000
001100
001100
000100
000100
001000
000000
0x3c
000001
000110
001000
110000
001000
000110
000001
000000
000000
000000
000000
000000
0x3d
000000
000000
000000
000000
111111
000000
111111
000000
000000
000000
000000
000000
0x3e
100000
011000
000110
000001
000110
011000
100000
000000
000000
000000
000000
000000
0x3f
011110
100001
000001
000010
000100
001000
001000
000000
001100
001100
000000
000000
0x40
000000
111111
100001
101101
101101
101111
100000
111000
000000
000000
000000
000000
0x41
011110
010010
100001
100001
111111
100001
100001
100001
000000
000000
000000
000000
0x42
111110
100001
100001
111010
100110
100001
100001
111110
000000
000000
000000
000000
0x43
011110
100001
100000
100000
100000
100000
100001
011110
000000
000000
000000
000000
0x44
111100
100010
100001
100001
100001
100001
100010
111100
000000
000000
000000
000000
0x45
111111
100000
100100
111100
100100
100000
100000
111111
000000
000000
000000
000000
0x46
111111
100000
100000
111100
100000
100000
100000
100000
000000
000000
000000
000000
0x47
011110
100001
100000
100000
101111
100001
100001
011110
000000
000000
000000
000000
0x48
100001
100001
100001
100001
111111
100001
100001
100001
000000
000000
000000
000000
0x49
011110
001000
001000
001000
001000
001000
001000
011110
000000
000000
000000
000000
0x4a
111111
100001
000001
000001
000001
000001
001010
010010
010010
001100
000000
000000
0x4b
100011
100100
101000
110000
110000
101000
100100
100011
000000
000000
000000
000000
0x4c
110000
100000
100000
100000
100000
100000
100001
111111
000000
000000
000000
000000
0x4d
011010
100101
100101
100101
100001
100001
100001
000000
000000
000000
000000
000000
0x4e
100001
110001
101001
101001
100101
100101
100011
100001
000000
000000
000000
000000
0x4f
011110
100001
100001
100001
100001
100001
100001
011110
000000
000000
000000
000000
0x50
101110
110001
100001
111110
100000
100000
100000
100000
000000
000000
000000
000000
0x51
011100
100010
100010
100010
100010
101010
100110
011110
000001
000001
000000
000000
0x52
011110
100001
100001
111110
110000
101000
100100
100011
000000
000000
000000
000000
0x53
011110
100001
100000
011110
000001
000001
100001
011110
000000
000000
000000
000000
0x54
111111
100101
000100
000100
000100
000100
000100
001110
000000
000000
000000
000000
0x55
010001
110001
010001
010001
010001
010001
010001
001111
000000
000000
000000
000000
0x56
100001
010001
010001
001001
001010
001010
000100
000100
000000
000000
000000
000000
0x57
100001
100001
100001
100001
100001
101001
101001
010110
000000
000000
000000
000000
0x58
100001
010001
010010
001100
001000
001100
010100
100011
000000
000000
000000
000000
0x59
010010
100001
100001
010010
001100
001000
001000
011100
000000
000000
000000
000000
0x5a
111111
100001
000010
000100
001000
010000
100001
111111
000000
000000
000000
000000
0x5b
001111
001000
001000
001000
001000
001000
001000
001111
000000
000000
000000
000000
0x5c
100000
010000
010000
001000
001000
000100
000010
000001
000000
000000
000000
000000
0x5d
011100
000100
000100
000100
000100
000100
000100
011100
000000
000000
000000
000000
0x5e
001000
010100
100010
100001
000000
000000
000000
000000
000000
000000
000000
000000
0x5f
000000
000000
000000
000000
000000
000000
000000
111111
000000
000000
000000
000000
0x60
001000
001000
001000
000100
000010
000000
000000
000000
000000
000000
000000
000000
0x61
000000
000000
000000
011110
100010
100010
100010
011101
000000
000000
000000
000000
0x62
100000
100000
100000
101110
110001
100001
100001
011110
000000
000000
000000
000000
0x63
000000
000000
000000
011110
100001
100000
100001
011110
000000
000000
000000
000000
0x64
000001
000001
000001
011101
100011
100011
100011
011101
000000
000000
000000
000000
0x65
000000
000000
000000
011110
100001
111110
100000
011110
000000
000000
000000
000000
0x66
000110
000101
000100
000100
111111
000100
000100
000100
100100
011000
000000
000000
0x67
000000
000000
000000
011110
100001
100001
100001
011110
000001
011001
100001
011110
0x68
100000
100000
100000
101110
110001
100001
100001
100001
000000
000000
000000
000000
0x69
000000
001100
001100
000000
011000
001000
001000
011100
000000
000000
000000
000000
0x6a
000000
000110
000110
000000
000110
000010
000010
000010
001010
010010
010100
001000
0x6b
100000
100000
100000
100110
101000
110000
101000
100110
000000
000000
000000
000000
0x6c
110000
010000
010000
010000
010000
010000
010001
001110
000000
000000
000000
000000
0x6d
000000
000000
000000
010110
101010
101010
101010
101011
000000
000000
000000
000000
0x6e
000000
000000
000000
011100
010010
010010
010010
110011
000000
000000
000000
000000
0x6f
000000
000000
000000
011110
100001
100001
100001
011110
000000
000000
000000
000000
0x70
000000
000000
000000
001110
110001
100001
100001
111110
100000
100000
100000
100000
0x71
000000
000000
000000
011111
100001
100001
011110
000010
000010
000010
000010
000011
0x72
000000
000000
000000
000110
111001
101000
001000
001000
000000
000000
000000
000000
0x73
000000
000000
000000
011110
100000
011110
000001
100001
011110
000000
000000
000000
0x74
001000
001000
001000
001110
111000
001001
001001
000110
000000
000000
000000
000000
0x75
000000
000000
000000
010010
110010
010010
010010
001111
000000
000000
000000
000000
0x76
000000
000000
000000
010001
110001
001010
001010
001100
000000
000000
000000
000000
0x77
000000
000000
000000
101011
101010
101010
101010
010100
000000
000000
000000
000000
0x78
000000
000000
000000
000000
100011
010100
001000
001100
110011
000000
000000
000000
0x79
000000
000000
000000
100011
010001
001001
000101
000010
000010
100100
100100
011000
0x7a
000000
000000
000000
111111
100010
001100
010001
111111
000000
000000
000000
000000
0x7b
000110
001001
001000
000100
011000
000100
001000
001001
000110
000000
000000
000000
0x7d
011000
100100
000100
001000
000110
001000
000100
100100
011000
000000
000000
000000
0x7c
000100
000100
000100
000100
000000
000100
000100
000100
000100
000000
000000
000000
0x7e
000000
000000
000000
011000
100101
000010
000000
000000
000000
000000
000000
000000
0x7f
000000
000000
000000
000000
000000
000000
000000
000000
000000
000000
000000
000000
0x80
000000
000000
000000
000000
000000
000000
000000
000000
000000
000000
000000
000000
0x81
000000
000000
000000
000000
000000
000000
000000
000000
000000
000000
000000
000000
0x82
000000
000000
000000
000000
000000
000000
000000
000000
000000
000000
000000
000000
0x83
000000
000000
000000
000000
000000
000000
000000
000000
000000
000000
000000
000000
0x84
000000
000000
000000
000000
000000
000000
000000
000000
000000
000000
000000
000000
0x85
000000
000000
000000
000000
000000
000000
000000
000000
000000
000000
000000
000000
0x86
000000
000000
000000
000000
000000
000000
000000
000000
000000
000000
000000
000000
0x87
000000
000000
000000
000000
000000
000000
000000
000000
000000
000000
000000
000000
0x88
000000
000000
000000
000000
000000
000000
000000
000000
000000
000000
000000
000000
0x89
000000
000000
000000
000000
000000
000000
000000
000000
000000
000000
000000
000000
0x8a
000000
000000
000000
000000
000000
000000
000000
000000
000000
000000
000000
000000
0x8b
000000
000000
000000
000000
000000
000000
000000
000000
000000
000000
000000
000000
0x8c
000000
000000
000000
000000
000000
000000
000000
000000
000000
000000
000000
000000
0x8d
000000
000000
000000
000000
000000
000000
000000
000000
000000
000000
000000
000000
0x8e
000000
000000
000000
000000
000000
000000
000000
000000
000000
000000
000000
000000
0x8f
000000
000000
000000
000000
000000
000000
000000
000000
000000
000000
000000
000000
0x90
000000
000000
000000
000000
000000
000000
000000
000000
000000
000000
000000
000000
0x91
000000
000000
000000
000000
000000
000000
000000
000000
000000
000000
000000
000000
0x92
000000
000000
000000
000000
000000
000000
000000
000000
000000
000000
000000
000000
0x93
000000
000000
000000
000000
000000
000000
000000
000000
000000
000000
000000
000000
0x94
000000
000000
000000
000000
000000
000000
000000
000000
000000
000000
000000
000000
0x95
000000
000000
000000
000000
000000
000000
000000
000000
000000
000000
000000
000000
0x96
000000
000000
000000
000000
000000
000000
000000
000000
000000
000000
000000
000000
0x97
000000
000000
000000
000000
000000
000000
000000
000000
000000
000000
000000
000000
0x98
000000
000000
000000
000000
000000
000000
000000
000000
000000
000000
000000
000000
0x99
000000
000000
000000
000000
000000
000000
000000
000000
000000
000000
000000
000000
0x9a
000000
000000
000000
000000
000000
000000
000000
000000
000000
000000
000000
000000
0x9b
000000
000000
000000
000000
000000
000000
000000
000000
000000
000000
000000
000000
0x9c
000000
000000
000000
000000
000000
000000
000000
000000
000000
000000
000000
000000
0x9d
000000
000000
000000
000000
000000
000000
000000
000000
000000
000000
000000
000000
0x9e
000000
000000
000000
000000
000000
000000
000000
000000
000000
000000
000000
000000
0x9f
000000
000000
000000
000000
000000
000000
000000
000000
000000
000000
000000
000000
0xa0
000000
000000
000000
000000
000000
000000
000000
000000
000000
000000
000000
000000
0xa1
000000
000000
000000
000000
000000
000000
000000
000000
000000
000000
000000
000000
0xa2
000000
000000
000000
000000
000000
000000
000000
000000
000000
000000
000000
000000
0xa3
000000
000000
000000
000000
000000
000000
000000
000000
000000
000000
000000
000000
0xa4
000000
000000
000000
000000
000000
000000
000000
000000
000000
000000
000000
000000
0xa5
000000
000000
000000
000000
000000
000000
000000
000000
000000
000000
000000
000000
0xa6
000000
000000
000000
000000
000000
000000
000000
000000
000000
000000
000000
000000
0xa7
000000
000000
000000
000000
000000
000000
000000
000000
000000
000000
000000
000000
0xa8
000000
000000
000000
000000
000000
000000
000000
000000
000000
000000
000000
000000
0xa9
000000
000000
000000
000000
000000
000000
000000
000000
000000
000000
000000
000000
0xaa
000000
000000
000000
000000
000000
000000
000000
000000
000000
000000
000000
000000
0xab
000000
000000
000000
000000
000000
000000
000000
000000
000000
000000
000000
000000
0xac
000000
000000
000000
000000
000000
000000
000000
000000
000000
000000
000000
000000
0xad
000000
000000
000000
000000
000000
000000
000000
000000
000000
000000
000000
000000
0xae
000000
000000
000000
000000
000000
000000
000000
000000
000000
000000
000000
000000
0xaf
000000
000000
000000
000000
000000
000000
000000
000000
000000
000000
000000
000000
0xb0
000000
000000
000000
000000
000000
000000
000000
000000
000000
000000
000000
000000
0xb1
000000
000000
000000
000000
000000
000000
000000
000000
000000
000000
000000
000000
0xb2
000000
000000
000000
000000
000000
000000
000000
000000
000000
000000
000000
000000
0xb3
000000
000000
000000
000000
000000
000000
000000
000000
000000
000000
000000
000000
0xb4
000000
000000
000000
000000
000000
000000
000000
000000
000000
000000
000000
000000
0xb5
000000
000000
000000
000000
000000
000000
000000
000000
000000
000000
000000
000000
0xb6
000000
000000
000000
000000
000000
000000
000000
000000
000000
000000
000000
000000
0xb7
000000
000000
000000
000000
000000
000000
000000
000000
000000
000000
000000
000000
0xb8
000000
000000
000000
000000
000000
000000
000000
000000
000000
000000
000000
000000
0xb9
000000
000000
000000
000000
000000
000000
000000
000000
000000
000000
000000
000000
0xba
000000
000000
000000
000000
000000
000000
000000
000000
000000
000000
000000
000000
0xbb
000000
000000
000000
000000
000000
000000
000000
000000
000000
000000
000000
000000
0xbc
000000
000000
000000
000000
000000
000000
000000
000000
000000
000000
000000
000000
0xbd
000000
000000
000000
000000
000000
000000
000000
000000
000000
000000
000000
000000
0xbe
000000
000000
000000
000000
000000
000000
000000
000000
000000
000000
000000
000000
0xbf
000000
000000
000000
000000
000000
000000
000000
000000
000000
000000
000000
000000
0xc0
000000
000000
000000
000000
000000
000000
000000
000000
000000
000000
000000
000000
0xc1
000000
000000
000000
000000
000000
000000
000000
000000
000000
000000
000000
000000
0xc2
000000
000000
000000
000000
000000
000000
000000
000000
000000
000000
000000
000000
0xc3
000000
000000
000000
000000
000000
000000
000000
000000
000000
000000
000000
000000
0xc4
000000
000000
000000
000000
000000
000000
000000
000000
000000
000000
000000
000000
0xc5
000000
000000
000000
000000
000000
000000
000000
000000
000000
000000
000000
000000
0xc6
000000
000000
000000
000000
000000
000000
000000
000000
000000
000000
000000
000000
0xc7
000000
000000
000000
000000
000000
000000
000000
000000
000000
000000
000000
000000
0xc8
000000
000000
000000
000000
000000
000000
000000
000000
000000
000000
000000
000000
0xc9
000000
000000
000000
000000
000000
000000
000000
000000
000000
000000
000000
000000
0xca
000000
000000
000000
000000
000000
000000
000000
000000
000000
000000
000000
000000
0xcb
000000
000000
000000
000000
000000
000000
000000
000000
000000
000000
000000
000000
0xcc
000000
000000
000000
000000
000000
000000
000000
000000
000000
000000
000000
000000
0xcd
000000
000000
000000
000000
000000
000000
000000
000000
000000
000000
000000
000000
0xce
000000
000000
000000
000000
000000
000000
000000
000000
000000
000000
000000
000000
0xcf
000000
000000
000000
000000
000000
000000
000000
000000
000000
000000
000000
000000
0xd0
000000
000000
000000
000000
000000
000000
000000
000000
000000
000000
000000
000000
0xd1
000000
000000
000000
000000
000000
000000
000000
000000
000000
000000
000000
000000
0xd2
000000
000000
000000
000000
000000
000000
000000
000000
000000
000000
000000
000000
0xd3
000000
000000
000000
000000
000000
000000
000000
000000
000000
000000
000000
000000
0xd4
000000
000000
000000
000000
000000
000000
000000
000000
000000
000000
000000
000000
0xd5
000000
000000
000000
000000
000000
000000
000000
000000
000000
000000
000000
000000
0xd6
000000
000000
000000
000000
000000
000000
000000
000000
000000
000000
000000
000000
0xd7
000000
000000
000000
000000
000000
000000
000000
000000
000000
000000
000000
000000
0xd8
000000
000000
000000
000000
000000
000000
000000
000000
000000
000000
000000
000000
0xd9
000000
000000
000000
000000
000000
000000
000000
000000
000000
000000
000000
000000
0xda
000000
000000
000000
000000
000000
000000
000000
000000
000000
000000
000000
000000
0xdb
000000
000000
000000
000000
000000
000000
000000
000000
000000
000000
000000
000000
0xdc
000000
000000
000000
000000
000000
000000
000000
000000
000000
000000
000000
000000
0xdd
000000
000000
000000
000000
000000
000000
000000
000000
000000
000000
000000
000000
0xde
000000
000000
000000
000000
000000
000000
000000
000000
000000
000000
000000
000000
0xdf
000000
000000
000000
000000
000000
000000
000000
000000
000000
000000
000000
000000
0xe0
000000
000000
000000
000000
000000
000000
000000
000000
000000
000000
000000
000000
0xe1
000000
000000
000000
000000
000000
000000
000000
000000
000000
000000
000000
000000
0xe2
000000
000000
000000
000000
000000
000000
000000
000000
000000
000000
000000
000000
0xe3
000000
000000
000000
000000
000000
000000
000000
000000
000000
000000
000000
000000
0xe4
000000
000000
000000
000000
000000
000000
000000
000000
000000
000000
000000
000000
0xe5
000000
000000
000000
000000
000000
000000
000000
000000
000000
000000
000000
000000
0xe6
000000
000000
000000
000000
000000
000000
000000
000000
000000
000000
000000
000000
0xe7
000000
000000
000000
000000
000000
000000
000000
000000
000000
000000
000000
000000
0xe8
000000
000000
000000
000000
000000
000000
000000
000000
000000
000000
000000
000000
0xe9
000000
000000
000000
000000
000000
000000
000000
000000
000000
000000
000000
000000
0xea
000000
000000
000000
000000
000000
000000
000000
000000
000000
000000
000000
000000
0xeb
000000
000000
000000
000000
000000
000000
000000
000000
000000
000000
000000
000000
0xec
000000
000000
000000
000000
000000
000000
000000
000000
000000
000000
000000
000000
0xed
000000
000000
000000
000000
000000
000000
000000
000000
000000
000000
000000
000000
0xee
000000
000000
000000
000000
000000
000000
000000
000000
000000
000000
000000
000000
0xef
000000
000000
000000
000000
000000
000000
000000
000000
000000
000000
000000
000000
0xf0
000000
000000
000000
000000
000000
000000
000000
000000
000000
000000
000000
000000
0xf1
000000
000000
000000
000000
000000
000000
000000
000000
000000
000000
000000
000000
0xf2
000000
000000
000000
000000
000000
000000
000000
000000
000000
000000
000000
000000
0xf3
000000
000000
000000
000000
000000
000000
000000
000000
000000
000000
000000
000000
0xf4
000000
000000
000000
000000
000000
000000
000000
000000
000000
000000
000000
000000
0xf5
000000
000000
000000
000000
000000
000000
000000
000000
000000
000000
000000
000000
0xf6
000000
000000
000000
000000
000000
000000
000000
000000
000000
000000
000000
000000
0xf7
000000
000000
000000
000000
000000
000000
000000
000000
000000
000000
000000
000000
0xf8
000000
000000
000000
000000
000000
000000
000000
000000
000000
000000
000000
000000
0xf9
000000
000000
000000
000000
000000
000000
000000
000000
000000
000000
000000
000000
0xfa
000000
000000
000000
000000
000000
000000
000000
000000
000000
000000
000000
000000
0xfb
000000
000000
000000
000000
000000
000000
000000
000000
000000
000000
000000
000000
0xfc
000000
000000
000000
000000
000000
000000
000000
000000
000000
000000
000000
000000
0xfd
000000
000000
000000
000000
000000
000000
000000
000000
000000
000000
000000
000000
0xfe
000000
000000
000000
000000
000000
000000
000000
000000
000000
000000
000000
000000
0xff
000000
000000
000000
000000
000000
000000
000000
000000
000000
000000
000000
000000
