13,5,3
(2.163903,-19.882593,-22.046495)
(-7.633220,-19.882593,-20.649950)
(-15.561464,-19.882593,-14.727375)
(-19.679718,-19.882593,-5.728824)
(-18.979692,-19.882593,4.142545)
(-13.632775,-19.882593,12.469874)
(-4.948079,-19.882593,17.214346)
(4.948079,-19.882593,17.214346)
(13.632775,-19.882593,12.469874)
(18.979692,-19.882593,4.142545)
(19.679718,-19.882593,-5.728824)
(15.561464,-19.882593,-14.727375)
(7.633220,-19.882593,-20.649950)
(-2.163903,-19.882593,-22.046495)
(2.163903,-18.486048,-12.249373)
(-7.633220,-18.486048,-10.852828)
(-15.561464,-18.486048,-4.930253)
(-19.679718,-18.486048,4.068299)
(-18.979692,-18.486048,13.939667)
(-13.632775,-18.486048,22.266996)
(-4.948079,-18.486048,27.011469)
(4.948079,-18.486048,27.011469)
(13.632775,-18.486048,22.266996)
(18.979692,-18.486048,13.939667)
(19.679718,-18.486048,4.068299)
(15.561464,-18.486048,-4.930253)
(7.633220,-18.486048,-10.852828)
(-2.163903,-18.486048,-12.249373)
(2.163903,-12.563473,-4.321130)
(-7.633220,-12.563473,-2.924584)
(-15.561464,-12.563473,2.997992)
(-19.679718,-12.563473,11.996543)
(-18.979692,-12.563473,21.867910)
(-13.632775,-12.563473,30.195242)
(-4.948079,-12.563473,34.939713)
(4.948079,-12.563473,34.939713)
(13.632775,-12.563473,30.195242)
(18.979692,-12.563473,21.867910)
(19.679718,-12.563473,11.996543)
(15.561464,-12.563473,2.997992)
(7.633220,-12.563473,-2.924584)
(-2.163903,-12.563473,-4.321130)
(2.163903,-3.564921,-0.202875)
(-7.633220,-3.564921,1.193671)
(-15.561464,-3.564921,7.116247)
(-19.679718,-3.564921,16.114798)
(-18.979692,-3.564921,25.986166)
(-13.632775,-3.564921,34.313496)
(-4.948079,-3.564921,39.057968)
(4.948079,-3.564921,39.057968)
(13.632775,-3.564921,34.313496)
(18.979692,-3.564921,25.986166)
(19.679718,-3.564921,16.114798)
(15.561464,-3.564921,7.116247)
(7.633220,-3.564921,1.193671)
(-2.163903,-3.564921,-0.202875)
(2.163903,6.306447,-0.902901)
(-7.633220,6.306447,0.493645)
(-15.561464,6.306447,6.416220)
(-19.679718,6.306447,15.414771)
(-18.979692,6.306447,25.286140)
(-13.632775,6.306447,33.613468)
(-4.948079,6.306447,38.357941)
(4.948079,6.306447,38.357941)
(13.632775,6.306447,33.613468)
(18.979692,6.306447,25.286140)
(19.679718,6.306447,15.414771)
(15.561464,6.306447,6.416220)
(7.633220,6.306447,0.493645)
(-2.163903,6.306447,-0.902901)
(2.163903,14.633778,-6.249818)
(-7.633220,14.633778,-4.853272)
(-15.561464,14.633778,1.069303)
(-19.679718,14.633778,10.067854)
(-18.979692,14.633778,19.939222)
(-13.632775,14.633778,28.266552)
(-4.948079,14.633778,33.011024)
(4.948079,14.633778,33.011024)
(13.632775,14.633778,28.266552)
(18.979692,14.633778,19.939222)
(19.679718,14.633778,10.067854)
(15.561464,14.633778,1.069303)
(7.633220,14.633778,-4.853272)
(-2.163903,14.633778,-6.249818)
(2.163903,19.378248,-14.934514)
(-7.633220,19.378248,-13.537969)
(-15.561464,19.378248,-7.615393)
(-19.679718,19.378248,1.383158)
(-18.979692,19.378248,11.254526)
(-13.632775,19.378248,19.581856)
(-4.948079,19.378248,24.326328)
(4.948079,19.378248,24.326328)
(13.632775,19.378248,19.581856)
(18.979692,19.378248,11.254526)
(19.679718,19.378248,1.383158)
(15.561464,19.378248,-7.615393)
(7.633220,19.378248,-13.537969)
(-2.163903,19.378248,-14.934514)
(2.163903,19.378248,-24.830673)
(-7.633220,19.378248,-23.434126)
(-15.561464,19.378248,-17.511551)
(-19.679718,19.378248,-8.513000)
(-18.979692,19.378248,1.358368)
(-13.632775,19.378248,9.685699)
(-4.948079,19.378248,14.430169)
(4.948079,19.378248,14.430169)
(13.632775,19.378248,9.685699)
(18.979692,19.378248,1.358368)
(19.679718,19.378248,-8.513000)
(15.561464,19.378248,-17.511551)
(7.633220,19.378248,-23.434126)
(-2.163903,19.378248,-24.830673)
(2.163903,14.633778,-33.515369)
(-7.633220,14.633778,-32.118824)
(-15.561464,14.633778,-26.196247)
(-19.679718,14.633778,-17.197697)
(-18.979692,14.633778,-7.326328)
(-13.632775,14.633778,1.001002)
(-4.948079,14.633778,5.745473)
(4.948079,14.633778,5.745473)
(13.632775,14.633778,1.001002)
(18.979692,14.633778,-7.326328)
(19.679718,14.633778,-17.197697)
(15.561464,14.633778,-26.196247)
(7.633220,14.633778,-32.118824)
(-2.163903,14.633778,-33.515369)
(2.163903,6.306447,-38.862286)
(-7.633220,6.306447,-37.465740)
(-15.561464,6.306447,-31.543165)
(-19.679718,6.306447,-22.544613)
(-18.979692,6.306447,-12.673245)
(-13.632775,6.306447,-4.345915)
(-4.948079,6.306447,0.398556)
(4.948079,6.306447,0.398556)
(13.632775,6.306447,-4.345915)
(18.979692,6.306447,-12.673245)
(19.679718,6.306447,-22.544613)
(15.561464,6.306447,-31.543165)
(7.633220,6.306447,-37.465740)
(-2.163903,6.306447,-38.862286)
(2.163903,-3.564921,-39.562313)
(-7.633220,-3.564921,-38.165768)
(-15.561464,-3.564921,-32.243191)
(-19.679718,-3.564921,-23.244640)
(-18.979692,-3.564921,-13.373272)
(-13.632775,-3.564921,-5.045941)
(-4.948079,-3.564921,-0.301471)
(4.948079,-3.564921,-0.301471)
(13.632775,-3.564921,-5.045941)
(18.979692,-3.564921,-13.373272)
(19.679718,-3.564921,-23.244640)
(15.561464,-3.564921,-32.243191)
(7.633220,-3.564921,-38.165768)
(-2.163903,-3.564921,-39.562313)
(2.163903,-12.563473,-35.444057)
(-7.633220,-12.563473,-34.047512)
(-15.561464,-12.563473,-28.124937)
(-19.679718,-12.563473,-19.126385)
(-18.979692,-12.563473,-9.255016)
(-13.632775,-12.563473,-0.927687)
(-4.948079,-12.563473,3.816784)
(4.948079,-12.563473,3.816784)
(13.632775,-12.563473,-0.927687)
(18.979692,-12.563473,-9.255016)
(19.679718,-12.563473,-19.126385)
(15.561464,-12.563473,-28.124937)
(7.633220,-12.563473,-34.047512)
(-2.163903,-12.563473,-35.444057)
(2.163903,-18.486048,-27.515814)
(-7.633220,-18.486048,-26.119267)
(-15.561464,-18.486048,-20.196692)
(-19.679718,-18.486048,-11.198141)
(-18.979692,-18.486048,-1.326773)
(-13.632775,-18.486048,7.000557)
(-4.948079,-18.486048,11.745028)
(4.948079,-18.486048,11.745028)
(13.632775,-18.486048,7.000557)
(18.979692,-18.486048,-1.326773)
(19.679718,-18.486048,-11.198141)
(15.561464,-18.486048,-20.196692)
(7.633220,-18.486048,-26.119267)
(-2.163903,-18.486048,-27.515814)
(2.163903,-19.882593,-17.718691)
(-7.633220,-19.882593,-16.322145)
(-15.561464,-19.882593,-10.399570)
(-19.679718,-19.882593,-1.401018)
(-18.979692,-19.882593,8.470350)
(-13.632775,-19.882593,16.797680)
(-4.948079,-19.882593,21.542150)
(4.948079,-19.882593,21.542150)
(13.632775,-19.882593,16.797680)
(18.979692,-19.882593,8.470350)
(19.679718,-19.882593,-1.401018)
(15.561464,-19.882593,-10.399570)
(7.633220,-19.882593,-16.322145)
(-2.163903,-19.882593,-17.718691)
