9
1 -30.000000 -15.000000 -15.000000 0.577350 0.577350 -0.577350 0.000000 0.000000
2 -20.000000 -15.000000 -5.000000 0.577167 0.577717 -0.577167 0.000000 0.333333
3 -10.000000 -15.000000 5.000000 0.578633 0.576433 -0.576983 0.000000 0.666667
4 -20.000000 -5.000000 -15.000000 0.578453 0.576798 -0.576798 0.333333 0.000000
5 -9.999999 -4.999999 -4.999999 0.578451 0.577351 -0.576247 0.333333 0.333333
6 -0.000000 -5.000000 4.999999 0.578417 0.576075 -0.577556 0.333333 0.666667
7 -10.000000 5.000000 -15.000000 0.577535 0.578081 -0.576433 0.666667 0.000000
8 -0.000000 5.000000 -5.000000 0.577156 0.577602 -0.577293 0.666667 0.333333
9 10.000000 5.000000 5.000000 0.577534 0.577534 -0.576983 0.666667 0.666667
8
1 5 4
1 2 5
2 6 5
2 3 6
4 8 7
4 5 8
5 9 8
5 6 9
