100
1 0.000000 -50.000000 -50.000000 0.000000 0.000000 -1.000000 0.000000 0.000000
2 0.000000 -49.999996 -39.999996 0.000000 0.000000 -1.000000 0.000000 0.100000
3 0.000000 -49.999996 -29.999998 0.000000 0.000000 -1.000000 0.000000 0.200000
4 0.000000 -49.999996 -19.999996 0.000000 0.000000 -1.000000 0.000000 0.300000
5 0.000000 -50.000000 -10.000001 0.000000 0.000000 -1.000000 0.000000 0.400000
6 0.000000 -50.000008 0.000000 0.000000 0.000000 -1.000000 0.000000 0.500000
7 0.000000 -50.000008 10.000001 0.000000 0.000000 -1.000000 0.000000 0.600000
8 0.000000 -50.000004 20.000002 0.000000 0.000000 -1.000000 0.000000 0.700000
9 0.000000 -50.000000 30.000000 0.000000 0.000000 -1.000000 0.000000 0.800000
10 0.000000 -50.000000 40.000000 0.000000 0.000000 -1.000000 0.000000 0.900000
11 0.000000 -39.999996 -49.999996 0.000000 0.000000 -1.000000 0.100000 0.000000
12 0.000000 -40.000000 -39.999996 0.000000 0.000000 -1.000000 0.100000 0.100000
13 0.000000 -39.999996 -29.999998 0.000000 0.000000 -1.000000 0.100000 0.200000
14 0.000000 -39.999996 -19.999994 0.000000 0.000000 -1.000000 0.100000 0.300000
15 0.000000 -40.000004 -10.000000 0.000000 0.000000 -1.000000 0.100000 0.400000
16 0.000000 -40.000008 -0.000000 0.000000 0.000000 -1.000000 0.100000 0.500000
17 0.000000 -40.000004 10.000000 0.000000 0.000000 -1.000000 0.100000 0.600000
18 0.000000 -40.000004 19.999998 0.000000 0.000000 -1.000000 0.100000 0.700000
19 0.000000 -40.000000 29.999992 0.000000 0.000000 -1.000000 0.100000 0.800000
20 0.000000 -40.000004 39.999996 0.000000 0.000000 -1.000000 0.100000 0.900000
21 0.000000 -29.999998 -49.999996 0.000000 0.000000 -1.000000 0.200000 0.000000
22 0.000000 -29.999998 -39.999996 0.000000 0.000000 -1.000000 0.200000 0.100000
23 0.000000 -29.999992 -29.999996 0.000000 0.000000 -1.000000 0.200000 0.200000
24 0.000000 -29.999992 -19.999990 0.000000 0.000000 -1.000000 0.200000 0.300000
25 0.000000 -30.000004 -9.999998 0.000000 0.000000 -1.000000 0.200000 0.400000
26 0.000000 -30.000000 0.000000 0.000000 0.000000 -1.000000 0.200000 0.500000
27 0.000000 -30.000002 9.999997 0.000000 0.000000 -1.000000 0.200000 0.600000
28 0.000000 -29.999998 19.999994 0.000000 0.000000 -1.000000 0.200000 0.700000
29 0.000000 -29.999998 29.999998 0.000000 0.000000 -1.000000 0.200000 0.800000
30 0.000000 -29.999996 39.999992 0.000000 0.000000 -1.000000 0.200000 0.900000
31 0.000000 -19.999996 -49.999996 0.000000 0.000000 -1.000000 0.300000 0.000000
32 0.000000 -19.999998 -40.000000 0.000000 0.000000 -1.000000 0.300000 0.100000
33 0.000000 -19.999990 -29.999994 0.000000 0.000000 -1.000000 0.300000 0.200000
34 0.000000 -19.999996 -19.999998 0.000000 0.000000 -1.000000 0.300000 0.300000
35 0.000000 -20.000000 -10.000000 0.000000 0.000000 -1.000000 0.300000 0.400000
36 0.000000 -20.000000 0.000000 0.000000 0.000000 -1.000000 0.300000 0.500000
37 0.000000 -20.000002 9.999999 0.000000 0.000000 -1.000000 0.300000 0.600000
38 0.000000 -19.999996 19.999996 0.000000 0.000000 -1.000000 0.300000 0.700000
39 0.000000 -19.999992 29.999998 0.000000 0.000000 -1.000000 0.300000 0.800000
40 0.000000 -19.999998 40.000000 0.000000 0.000000 -1.000000 0.300000 0.900000
41 0.000000 -10.000001 -50.000000 0.000000 0.000000 -1.000000 0.400000 0.000000
42 0.000000 -10.000002 -40.000011 0.000000 0.000000 -1.000000 0.400000 0.100000
43 0.000000 -10.000000 -30.000002 0.000000 0.000000 -1.000000 0.400000 0.200000
44 0.000000 -10.000001 -20.000004 0.000000 0.000000 -1.000000 0.400000 0.300000
45 0.000000 -10.000002 -10.000001 0.000000 0.000000 -1.000000 0.400000 0.400000
46 0.000000 -10.000003 0.000000 0.000000 0.000000 -1.000000 0.400000 0.500000
47 0.000000 -10.000002 10.000001 0.000000 0.000000 -1.000000 0.400000 0.600000
48 0.000000 -10.000003 20.000004 0.000000 0.000000 -1.000000 0.400000 0.700000
49 0.000000 -10.000003 30.000010 0.000000 0.000000 -1.000000 0.400000 0.800000
50 0.000000 -10.000002 40.000011 0.000000 0.000000 -1.000000 0.400000 0.900000
51 0.000000 0.000000 -50.000008 0.000000 0.000000 -1.000000 0.500000 0.000000
52 0.000000 -0.000000 -40.000004 0.000000 0.000000 -1.000000 0.500000 0.100000
53 0.000000 0.000000 -30.000000 0.000000 0.000000 -1.000000 0.500000 0.200000
54 0.000000 -0.000000 -20.000002 0.000000 0.000000 -1.000000 0.500000 0.300000
55 0.000000 -0.000000 -10.000000 0.000000 0.000000 -1.000000 0.500000 0.400000
56 0.000000 -0.000000 0.000000 0.000000 0.000000 -1.000000 0.500000 0.500000
57 0.000000 0.000000 10.000002 0.000000 0.000000 -1.000000 0.500000 0.600000
58 0.000000 0.000000 20.000004 0.000000 0.000000 -1.000000 0.500000 0.700000
59 0.000000 0.000000 30.000002 0.000000 0.000000 -1.000000 0.500000 0.800000
60 0.000000 -0.000000 40.000004 0.000000 0.000000 -1.000000 0.500000 0.900000
61 0.000000 10.000001 -50.000008 0.000000 0.000000 -1.000000 0.600000 0.000000
62 0.000000 10.000002 -40.000004 0.000000 0.000000 -1.000000 0.600000 0.100000
63 0.000000 9.999999 -29.999996 0.000000 0.000000 -1.000000 0.600000 0.200000
64 0.000000 10.000000 -20.000000 0.000000 0.000000 -1.000000 0.600000 0.300000
65 0.000000 10.000001 -10.000003 0.000000 0.000000 -1.000000 0.600000 0.400000
66 0.000000 10.000003 0.000000 0.000000 0.000000 -1.000000 0.600000 0.500000
67 0.000000 10.000003 10.000003 0.000000 0.000000 -1.000000 0.600000 0.600000
68 0.000000 10.000002 20.000004 0.000000 0.000000 -1.000000 0.600000 0.700000
69 0.000000 10.000002 30.000000 0.000000 0.000000 -1.000000 0.600000 0.800000
70 0.000000 10.000001 40.000004 0.000000 0.000000 -1.000000 0.600000 0.900000
71 0.000000 20.000002 -50.000004 0.000000 0.000000 -1.000000 0.700000 0.000000
72 0.000000 20.000002 -40.000004 0.000000 0.000000 -1.000000 0.700000 0.100000
73 0.000000 19.999998 -30.000002 0.000000 0.000000 -1.000000 0.700000 0.200000
74 0.000000 19.999998 -20.000000 0.000000 0.000000 -1.000000 0.700000 0.300000
75 0.000000 20.000006 -10.000003 0.000000 0.000000 -1.000000 0.700000 0.400000
76 0.000000 20.000004 0.000000 0.000000 0.000000 -1.000000 0.700000 0.500000
77 0.000000 20.000002 10.000001 0.000000 0.000000 -1.000000 0.700000 0.600000
78 0.000000 20.000004 20.000004 0.000000 0.000000 -1.000000 0.700000 0.700000
79 0.000000 20.000000 29.999998 0.000000 0.000000 -1.000000 0.700000 0.800000
80 0.000000 20.000000 40.000008 0.000000 0.000000 -1.000000 0.700000 0.900000
81 0.000000 30.000000 -50.000000 0.000000 0.000000 -1.000000 0.800000 0.000000
82 0.000000 29.999998 -40.000004 0.000000 0.000000 -1.000000 0.800000 0.100000
83 0.000000 29.999996 -30.000002 0.000000 0.000000 -1.000000 0.800000 0.200000
84 0.000000 29.999998 -19.999998 0.000000 0.000000 -1.000000 0.800000 0.300000
85 0.000000 30.000004 -10.000003 0.000000 0.000000 -1.000000 0.800000 0.400000
86 0.000000 30.000004 0.000000 0.000000 0.000000 -1.000000 0.800000 0.500000
87 0.000000 30.000004 10.000002 0.000000 0.000000 -1.000000 0.800000 0.600000
88 0.000000 30.000004 20.000002 0.000000 0.000000 -1.000000 0.800000 0.700000
89 0.000000 30.000004 30.000006 0.000000 0.000000 -1.000000 0.800000 0.800000
90 0.000000 29.999998 40.000000 0.000000 0.000000 -1.000000 0.800000 0.900000
91 0.000000 40.000000 -50.000000 0.000000 0.000000 -1.000000 0.900000 0.000000
92 0.000000 40.000008 -40.000004 0.000000 0.000000 -1.000000 0.900000 0.100000
93 0.000000 39.999989 -29.999996 0.000000 0.000000 -1.000000 0.900000 0.200000
94 0.000000 40.000000 -20.000000 0.000000 0.000000 -1.000000 0.900000 0.300000
95 0.000000 40.000004 -10.000002 0.000000 0.000000 -1.000000 0.900000 0.400000
96 0.000000 39.999996 0.000000 0.000000 0.000000 -1.000000 0.900000 0.500000
97 0.000000 40.000004 10.000001 0.000000 0.000000 -1.000000 0.900000 0.600000
98 0.000000 40.000004 20.000004 0.000000 0.000000 -1.000000 0.900000 0.700000
99 0.000000 40.000004 30.000004 0.000000 0.000000 -1.000000 0.900000 0.800000
100 0.000000 40.000004 40.000000 0.000000 0.000000 -1.000000 0.900000 0.900000
162
1 12 11
1 2 12
2 13 12
2 3 13
3 14 13
3 4 14
4 15 14
4 5 15
5 16 15
5 6 16
6 17 16
6 7 17
7 18 17
7 8 18
8 19 18
8 9 19
9 20 19
9 10 20
11 22 21
11 12 22
12 23 22
12 13 23
13 24 23
13 14 24
14 25 24
14 15 25
15 26 25
15 16 26
16 27 26
16 17 27
17 28 27
17 18 28
18 29 28
18 19 29
19 30 29
19 20 30
21 32 31
21 22 32
22 33 32
22 23 33
23 34 33
23 24 34
24 35 34
24 25 35
25 36 35
25 26 36
26 37 36
26 27 37
27 38 37
27 28 38
28 39 38
28 29 39
29 40 39
29 30 40
31 42 41
31 32 42
32 43 42
32 33 43
33 44 43
33 34 44
34 45 44
34 35 45
35 46 45
35 36 46
36 47 46
36 37 47
37 48 47
37 38 48
38 49 48
38 39 49
39 50 49
39 40 50
41 52 51
41 42 52
42 53 52
42 43 53
43 54 53
43 44 54
44 55 54
44 45 55
45 56 55
45 46 56
46 57 56
46 47 57
47 58 57
47 48 58
48 59 58
48 49 59
49 60 59
49 50 60
51 62 61
51 52 62
52 63 62
52 53 63
53 64 63
53 54 64
54 65 64
54 55 65
55 66 65
55 56 66
56 67 66
56 57 67
57 68 67
57 58 68
58 69 68
58 59 69
59 70 69
59 60 70
61 72 71
61 62 72
62 73 72
62 63 73
63 74 73
63 64 74
64 75 74
64 65 75
65 76 75
65 66 76
66 77 76
66 67 77
67 78 77
67 68 78
68 79 78
68 69 79
69 80 79
69 70 80
71 82 81
71 72 82
72 83 82
72 73 83
73 84 83
73 74 84
74 85 84
74 75 85
75 86 85
75 76 86
76 87 86
76 77 87
77 88 87
77 78 88
78 89 88
78 79 89
79 90 89
79 80 90
81 92 91
81 82 92
82 93 92
82 83 93
83 94 93
83 84 94
84 95 94
84 85 95
85 96 95
85 86 96
86 97 96
86 87 97
87 98 97
87 88 98
88 99 98
88 89 99
89 100 99
89 90 100
