676
1 -22.046495 -19.882593 2.163903 -0.013390 0.993218 0.115491 0.000000 0.000000
2 -17.068638 -19.805790 2.163903 0.013779 0.990458 -0.137127 0.000000 0.038462
3 -12.249377 -18.486050 2.163903 0.045523 0.918404 -0.393015 0.000000 0.076923
4 -7.910502 -16.020788 2.163903 0.062699 0.801841 -0.594239 0.000000 0.115385
5 -4.321131 -12.563472 2.163903 0.094430 0.626770 -0.773461 0.000000 0.153846
6 -1.697720 -8.323612 2.163903 0.103821 0.412064 -0.905221 0.000000 0.192308
7 -0.202876 -3.564921 2.163903 0.111482 0.177531 -0.977780 0.000000 0.230769
8 0.067552 1.414997 2.163903 0.112909 -0.070282 -0.991117 0.000000 0.269231
9 -0.902901 6.306448 2.163903 0.107554 -0.313801 -0.943377 0.000000 0.307692
10 -3.053387 10.805893 2.163903 0.097682 -0.535889 -0.838619 0.000000 0.346154
11 -6.249816 14.633776 2.163903 0.080462 -0.727120 -0.681779 0.000000 0.384615
12 -10.294090 17.551596 2.163903 0.068860 -0.875812 -0.477715 0.000000 0.423077
13 -14.934507 19.378244 2.163903 0.023032 -0.966721 -0.254795 0.000000 0.461538
14 -19.882586 19.999868 2.163903 0.014513 -0.999866 0.007633 0.000000 0.500000
15 -24.830671 19.378248 2.163903 -0.014538 -0.965737 0.259115 0.000000 0.538462
16 -29.471085 17.551596 2.163903 -0.058728 -0.875194 0.480195 0.000000 0.576923
17 -33.515366 14.633779 2.163903 -0.076312 -0.724038 0.685526 0.000000 0.615385
18 -36.711792 10.805896 2.163903 -0.092740 -0.538039 0.837803 0.000000 0.653846
19 -38.862282 6.306447 2.163903 -0.115153 -0.304855 0.945412 0.000000 0.692308
20 -39.832741 1.415000 2.163903 -0.092083 -0.045997 0.994688 0.000000 0.730769
21 -39.562313 -3.564921 2.163903 -0.135966 0.182405 0.973777 0.000000 0.769231
22 -38.067474 -8.323610 2.163903 -0.082452 0.414707 0.906212 0.000000 0.807692
23 -35.444061 -12.563472 2.163903 -0.057616 0.625473 0.778115 0.000000 0.846154
24 -31.854698 -16.020786 2.163903 -0.076363 0.803086 0.590950 0.000000 0.884615
25 -27.515818 -18.486050 2.163903 -0.037689 0.926225 0.375083 0.000000 0.923077
26 -22.696558 -19.805788 2.163903 -0.024763 0.990101 0.138154 0.000000 0.961538
27 -21.969694 -19.882595 -2.813959 0.011326 0.992331 0.123091 0.038462 0.000000
28 -16.991837 -19.805798 -2.813959 -0.000406 0.988545 -0.150924 0.038462 0.038462
29 -12.172569 -18.486052 -2.813959 -0.045993 0.919526 -0.390329 0.038462 0.076923
30 -7.833693 -16.020792 -2.813959 -0.094427 0.792697 -0.602258 0.038462 0.115385
31 -4.244324 -12.563474 -2.813960 -0.115240 0.622811 -0.773838 0.038462 0.153846
32 -1.620913 -8.323614 -2.813959 -0.128253 0.409712 -0.903154 0.038462 0.192308
33 -0.126070 -3.564922 -2.813960 -0.139285 0.176252 -0.974441 0.038462 0.230769
34 0.144358 1.414998 -2.813959 -0.141071 -0.070335 -0.987498 0.038462 0.269231
35 -0.826095 6.306448 -2.813959 -0.133440 -0.312786 -0.940404 0.038462 0.307692
36 -2.976582 10.805893 -2.813959 -0.118090 -0.537835 -0.834738 0.038462 0.346154
37 -6.173012 14.633777 -2.813959 -0.098362 -0.726577 -0.680008 0.038462 0.384615
38 -10.217284 17.551598 -2.813958 -0.047535 -0.878584 -0.475216 0.038462 0.423077
39 -14.857704 19.378246 -2.813958 -0.065015 -0.966967 -0.246471 0.038462 0.461538
40 -19.805784 19.999866 -2.813959 -0.001128 -0.999970 -0.007693 0.038462 0.500000
41 -24.753868 19.378252 -2.813959 0.022975 -0.968975 0.246089 0.038462 0.538462
42 -29.394285 17.551603 -2.813959 0.091403 -0.871535 0.481738 0.038462 0.576923
43 -33.438568 14.633780 -2.813960 0.096145 -0.733677 0.672662 0.038462 0.615385
44 -36.634998 10.805896 -2.813959 0.128952 -0.511802 0.849370 0.038462 0.653846
45 -38.785496 6.306447 -2.813959 0.188886 -0.275327 0.942612 0.038462 0.692308
46 -39.755936 1.415001 -2.813959 0.152038 -0.046095 0.987299 0.038462 0.730769
47 -39.485508 -3.564921 -2.813958 0.120575 0.152844 0.980867 0.038462 0.769231
48 -37.990662 -8.323611 -2.813959 0.139182 0.400755 0.905552 0.038462 0.807692
49 -35.367256 -12.563476 -2.813959 0.062341 0.621536 0.780901 0.038462 0.846154
50 -31.777891 -16.020790 -2.813959 0.068129 0.804609 0.589884 0.038462 0.884615
51 -27.439011 -18.486052 -2.813959 0.058077 0.924188 0.377498 0.038462 0.923077
52 -22.619759 -19.805796 -2.813959 0.034581 0.992248 0.119368 0.038462 0.961538
53 -20.649952 -19.882597 -7.633221 0.056983 0.991577 0.116312 0.076923 0.000000
54 -15.672091 -19.805792 -7.633222 -0.057320 0.988672 -0.138714 0.076923 0.038462
55 -10.852830 -18.486052 -7.633222 -0.173725 0.906782 -0.384144 0.076923 0.076923
56 -6.513955 -16.020792 -7.633222 -0.239567 0.776090 -0.583345 0.076923 0.115385
57 -2.924583 -12.563475 -7.633222 -0.306672 0.599017 -0.739683 0.076923 0.153846
58 -0.301171 -8.323614 -7.633223 -0.352835 0.387132 -0.851843 0.076923 0.192308
59 1.193672 -3.564921 -7.633221 -0.375200 0.163621 -0.912389 0.076923 0.230769
60 1.464100 1.414997 -7.633222 -0.379458 -0.066355 -0.922827 0.076923 0.269231
61 0.493646 6.306446 -7.633221 -0.364815 -0.292064 -0.884086 0.076923 0.307692
62 -1.656842 10.805892 -7.633220 -0.330974 -0.510642 -0.793537 0.076923 0.346154
63 -4.853271 14.633777 -7.633219 -0.266876 -0.712249 -0.649213 0.076923 0.384615
64 -8.897546 17.551596 -7.633219 -0.202779 -0.856520 -0.474609 0.076923 0.423077
65 -13.537963 19.378242 -7.633218 -0.107726 -0.961350 -0.253379 0.076923 0.461538
66 -18.486044 19.999866 -7.633221 -0.006363 -0.999861 -0.015431 0.076923 0.500000
67 -23.434130 19.378244 -7.633220 0.083235 -0.967623 0.238281 0.076923 0.538462
68 -28.074547 17.551600 -7.633222 0.190232 -0.862372 0.469177 0.076923 0.576923
69 -32.118828 14.633781 -7.633222 0.282610 -0.683449 0.673074 0.076923 0.615385
70 -35.315266 10.805899 -7.633222 0.373721 -0.456364 0.807505 0.076923 0.653846
71 -37.465740 6.306448 -7.633221 0.349017 -0.287585 0.891898 0.076923 0.692308
72 -38.436188 1.415000 -7.633219 0.363893 -0.071609 0.928684 0.076923 0.730769
73 -38.165768 -3.564922 -7.633221 0.386332 0.185228 0.903570 0.076923 0.769231
74 -36.670937 -8.323614 -7.633221 0.373159 0.414125 0.830212 0.076923 0.807692
75 -34.047520 -12.563474 -7.633220 0.288554 0.574025 0.766311 0.076923 0.846154
76 -30.458158 -16.020792 -7.633222 0.223949 0.801720 0.554158 0.076923 0.884615
77 -26.119267 -18.486050 -7.633220 0.130430 0.908104 0.397914 0.076923 0.923077
78 -21.300011 -19.805790 -7.633221 0.060717 0.987662 0.144351 0.076923 0.961538
79 -18.184690 -19.882597 -11.972097 0.092721 0.987838 0.124817 0.115385 0.000000
80 -13.206831 -19.805790 -11.972096 -0.094386 0.987020 -0.129935 0.115385 0.038462
81 -8.387570 -18.486050 -11.972100 -0.256745 0.906658 -0.334743 0.115385 0.076923
82 -4.048695 -16.020792 -11.972097 -0.406722 0.729403 -0.550043 0.115385 0.115385
83 -0.459323 -12.563476 -11.972099 -0.501108 0.541474 -0.675053 0.115385 0.153846
84 2.164090 -8.323613 -11.972098 -0.562753 0.338973 -0.753927 0.115385 0.192308
85 3.658934 -3.564922 -11.972098 -0.591681 0.144348 -0.793144 0.115385 0.230769
86 3.929360 1.414997 -11.972099 -0.602754 -0.055054 -0.796025 0.115385 0.269231
87 2.958905 6.306446 -11.972095 -0.575255 -0.265002 -0.773858 0.115385 0.307692
88 0.808417 10.805892 -11.972095 -0.531200 -0.456450 -0.713779 0.115385 0.346154
89 -2.388012 14.633777 -11.972094 -0.455811 -0.652093 -0.605815 0.115385 0.384615
90 -6.432285 17.551594 -11.972093 -0.350818 -0.820568 -0.451215 0.115385 0.423077
91 -11.072705 19.378244 -11.972093 -0.202661 -0.946579 -0.250832 0.115385 0.461538
92 -16.020782 19.999866 -11.972093 0.005731 -0.999954 0.007752 0.115385 0.500000
93 -20.968868 19.378248 -11.972093 0.182429 -0.948781 0.257943 0.115385 0.538462
94 -25.609285 17.551603 -11.972098 0.361868 -0.807306 0.466164 0.115385 0.576923
95 -29.653570 14.633782 -11.972097 0.460066 -0.643032 0.612249 0.115385 0.615385
96 -32.849995 10.805900 -11.972098 0.542142 -0.456735 0.705319 0.115385 0.653846
97 -35.000488 6.306447 -11.972094 0.577636 -0.263524 0.772588 0.115385 0.692308
98 -35.970936 1.415000 -11.972097 0.619993 -0.057944 0.782464 0.115385 0.730769
99 -35.700504 -3.564923 -11.972096 0.593480 0.097546 0.798916 0.115385 0.769231
100 -34.205669 -8.323611 -11.972097 0.551157 0.349144 0.757842 0.115385 0.807692
101 -31.582262 -12.563477 -11.972096 0.520194 0.550841 0.652666 0.115385 0.846154
102 -27.992893 -16.020786 -11.972096 0.406263 0.740199 0.535776 0.115385 0.884615
103 -23.654009 -18.486048 -11.972094 0.281616 0.885974 0.368432 0.115385 0.923077
104 -18.834755 -19.805790 -11.972098 0.129350 0.981401 0.141847 0.115385 0.961538
105 -14.727376 -19.882599 -15.561467 0.131588 0.985518 0.106955 0.153846 0.000000
106 -9.749516 -19.805794 -15.561467 -0.180483 0.974070 -0.136429 0.153846 0.038462
107 -4.930254 -18.486052 -15.561468 -0.419612 0.844347 -0.333171 0.153846 0.076923
108 -0.591377 -16.020790 -15.561468 -0.591670 0.646882 -0.481114 0.153846 0.115385
109 2.997995 -12.563473 -15.561471 -0.695665 0.454228 -0.556532 0.153846 0.153846
110 5.621408 -8.323612 -15.561468 -0.748746 0.274359 -0.603412 0.153846 0.192308
111 7.116251 -3.564922 -15.561470 -0.774143 0.112385 -0.622954 0.153846 0.230769
112 7.386676 1.414997 -15.561466 -0.772596 -0.049012 -0.633003 0.153846 0.269231
113 6.416223 6.306448 -15.561469 -0.763442 -0.198036 -0.614767 0.153846 0.307692
114 4.265734 10.805895 -15.561466 -0.722225 -0.369746 -0.584533 0.153846 0.346154
115 1.069304 14.633780 -15.561462 -0.639145 -0.567534 -0.519036 0.153846 0.384615
116 -2.974971 17.551596 -15.561463 -0.508207 -0.754408 -0.415445 0.153846 0.423077
117 -7.615391 19.378246 -15.561461 -0.294919 -0.921730 -0.251867 0.153846 0.461538
118 -12.563468 19.999866 -15.561461 0.005300 -0.999867 -0.015444 0.153846 0.500000
119 -17.511549 19.378246 -15.561464 0.300559 -0.922169 0.243453 0.153846 0.538462
120 -22.151968 17.551601 -15.561464 0.507462 -0.760303 0.405490 0.153846 0.576923
121 -26.196247 14.633782 -15.561468 0.655137 -0.555484 0.512087 0.153846 0.615385
122 -29.392675 10.805897 -15.561464 0.692812 -0.417145 0.588219 0.153846 0.653846
123 -31.543167 6.306448 -15.561466 0.764741 -0.207458 0.610026 0.153846 0.692308
124 -32.513618 1.415000 -15.561465 0.786231 -0.047507 0.616104 0.153846 0.730769
125 -32.243202 -3.564923 -15.561466 0.785111 0.123520 0.606913 0.153846 0.769231
126 -30.748354 -8.323612 -15.561466 0.752488 0.282818 0.594791 0.153846 0.807692
127 -28.124941 -12.563475 -15.561466 0.680882 0.462983 0.567491 0.153846 0.846154
128 -24.535570 -16.020784 -15.561468 0.558457 0.663143 0.498364 0.153846 0.884615
129 -20.196693 -18.486048 -15.561468 0.393430 0.852274 0.344733 0.153846 0.923077
130 -15.377436 -19.805790 -15.561467 0.188536 0.973712 0.127823 0.153846 0.961538
131 -10.487517 -19.882599 -18.184879 0.282858 0.951769 0.118859 0.192308 0.000000
132 -5.509656 -19.805794 -18.184881 -0.310007 0.940740 -0.137493 0.192308 0.038462
133 -0.690392 -18.486052 -18.184881 -0.655584 0.694219 -0.297102 0.192308 0.076923
134 3.648484 -16.020792 -18.184881 -0.798759 0.479198 -0.363804 0.192308 0.115385
135 7.237856 -12.563474 -18.184883 -0.859739 0.323559 -0.395169 0.192308 0.153846
136 9.861269 -8.323613 -18.184883 -0.894746 0.185950 -0.406019 0.192308 0.192308
137 11.356112 -3.564922 -18.184881 -0.900278 0.071387 -0.429421 0.192308 0.230769
138 11.626539 1.414997 -18.184885 -0.916105 -0.021934 -0.400338 0.192308 0.269231
139 10.656085 6.306448 -18.184881 -0.896261 -0.154736 -0.415660 0.192308 0.307692
140 8.505594 10.805894 -18.184879 -0.880631 -0.258827 -0.396859 0.192308 0.346154
141 5.309164 14.633780 -18.184877 -0.833068 -0.403003 -0.378928 0.192308 0.384615
142 1.264888 17.551598 -18.184875 -0.724844 -0.602445 -0.334159 0.192308 0.423077
143 -3.375532 19.378248 -18.184874 -0.472528 -0.852740 -0.222600 0.192308 0.461538
144 -8.323609 19.999868 -18.184877 0.015927 -0.999752 0.015563 0.192308 0.500000
145 -13.271689 19.378248 -18.184875 0.417343 -0.886200 0.201182 0.192308 0.538462
146 -17.912107 17.551601 -18.184879 0.704928 -0.630257 0.325351 0.192308 0.576923
147 -21.956390 14.633782 -18.184881 0.829243 -0.403690 0.386511 0.192308 0.615385
148 -25.152817 10.805900 -18.184881 0.883156 -0.252058 0.395604 0.192308 0.653846
149 -27.303307 6.306447 -18.184877 0.900873 -0.136769 0.411974 0.192308 0.692308
150 -28.273756 1.414999 -18.184877 0.908956 -0.028270 0.415933 0.192308 0.730769
151 -28.003340 -3.564923 -18.184881 0.912374 0.101126 0.396670 0.192308 0.769231
152 -26.508497 -8.323611 -18.184879 0.897286 0.176764 0.404515 0.192308 0.807692
153 -23.885077 -12.563476 -18.184879 0.866325 0.290932 0.406004 0.192308 0.846154
154 -20.295715 -16.020788 -18.184879 0.809226 0.464056 0.360285 0.192308 0.884615
155 -15.956836 -18.486053 -18.184881 0.675385 0.680737 0.283640 0.192308 0.923077
156 -11.137577 -19.805792 -18.184879 0.274050 0.953408 0.126132 0.192308 0.961538
157 -5.728825 -19.882599 -19.679724 0.525529 0.844331 0.104521 0.230769 0.000000
158 -0.750963 -19.805796 -19.679726 -0.629847 0.768546 -0.112380 0.230769 0.038462
159 4.068301 -18.486052 -19.679726 -0.901580 0.400062 -0.164635 0.230769 0.076923
160 8.407179 -16.020792 -19.679726 -0.952950 0.248318 -0.173852 0.230769 0.115385
161 11.996550 -12.563476 -19.679726 -0.976426 0.134443 -0.168873 0.230769 0.153846
162 14.619962 -8.323614 -19.679724 -0.981652 0.073399 -0.175990 0.230769 0.192308
163 16.114807 -3.564922 -19.679724 -0.982337 0.032814 -0.184220 0.230769 0.230769
164 16.385233 1.414998 -19.679726 -0.983015 -0.015269 -0.182887 0.230769 0.269231
165 15.414779 6.306448 -19.679722 -0.975872 -0.089071 -0.199351 0.230769 0.307692
166 13.264287 10.805895 -19.679720 -0.976017 -0.122526 -0.179937 0.230769 0.346154
167 10.067857 14.633779 -19.679716 -0.960046 -0.214737 -0.179445 0.230769 0.384615
168 6.023579 17.551598 -19.679718 -0.933005 -0.316388 -0.171462 0.230769 0.423077
169 1.383158 19.378250 -19.679712 -0.749818 -0.644551 -0.149422 0.230769 0.461538
170 -3.564919 19.999868 -19.679718 -0.079317 -0.996750 -0.014087 0.230769 0.500000
171 -8.513000 19.378250 -19.679716 0.786872 -0.602028 0.135628 0.230769 0.538462
172 -13.153421 17.551600 -19.679724 0.935736 -0.309215 0.169658 0.230769 0.576923
173 -17.197697 14.633781 -19.679724 0.973577 -0.164450 0.158443 0.230769 0.615385
174 -20.394129 10.805899 -19.679720 0.974430 -0.121021 0.189312 0.230769 0.653846
175 -22.544613 6.306447 -19.679718 0.978572 -0.076225 0.191276 0.230769 0.692308
176 -23.515072 1.415000 -19.679720 0.985774 -0.020504 0.166823 0.230769 0.730769
177 -23.244646 -3.564923 -19.679720 0.981669 0.026227 0.188782 0.230769 0.769231
178 -21.749802 -8.323613 -19.679720 0.978332 0.076769 0.192283 0.230769 0.807692
179 -19.126400 -12.563479 -19.679728 0.977775 0.153248 0.143077 0.230769 0.846154
180 -15.537023 -16.020790 -19.679722 0.948164 0.253336 0.191847 0.230769 0.884615
181 -11.198145 -18.486052 -19.679728 0.902336 0.400943 0.158221 0.230769 0.923077
182 -6.378885 -19.805792 -19.679724 0.509403 0.852832 0.114828 0.230769 0.961538
183 -0.748905 -19.882601 -19.950151 0.834833 -0.546584 -0.065568 0.269231 0.000000
184 4.228959 -19.805796 -19.950153 -0.895117 -0.441602 0.061263 0.269231 0.038462
185 9.048222 -18.486055 -19.950153 -0.965634 -0.245559 0.085158 0.269231 0.076923
186 13.387095 -16.020792 -19.950151 -0.996043 -0.066535 0.058912 0.269231 0.115385
187 16.976467 -12.563475 -19.950153 -0.996310 -0.041059 0.075374 0.269231 0.153846
188 19.599882 -8.323614 -19.950151 -0.998034 -0.018243 0.059964 0.269231 0.192308
189 21.094727 -3.564922 -19.950153 -0.996567 -0.007604 0.082437 0.269231 0.230769
190 21.365152 1.414997 -19.950151 -0.998102 -0.011467 0.060502 0.269231 0.269231
191 20.394701 6.306449 -19.950157 -0.992468 0.059651 0.106996 0.269231 0.307692
192 18.244209 10.805896 -19.950151 -0.993976 0.070714 0.083734 0.269231 0.346154
193 15.047777 14.633781 -19.950146 -0.993522 0.084339 0.076163 0.269231 0.384615
194 11.003497 17.551598 -19.950148 -0.980314 0.180228 0.080633 0.269231 0.423077
195 6.363076 19.378246 -19.950144 -0.947771 0.309501 0.077074 0.269231 0.461538
196 1.414999 19.999870 -19.950144 -0.100923 0.994865 0.007664 0.269231 0.500000
197 -3.533083 19.378252 -19.950148 0.933821 0.350300 -0.072580 0.269231 0.538462
198 -8.173501 17.551601 -19.950151 0.979743 0.179870 -0.088038 0.269231 0.576923
199 -12.217782 14.633781 -19.950150 0.995617 0.057283 -0.073934 0.269231 0.615385
200 -15.414209 10.805899 -19.950151 0.996275 0.040063 -0.076357 0.269231 0.653846
201 -17.564697 6.306448 -19.950150 0.996388 0.020653 -0.082369 0.269231 0.692308
202 -18.535154 1.415000 -19.950150 0.997172 0.005206 -0.074978 0.269231 0.730769
203 -18.264727 -3.564923 -19.950150 0.997610 -0.012278 -0.067996 0.269231 0.769231
204 -16.769886 -8.323612 -19.950151 0.997794 -0.028143 -0.060123 0.269231 0.807692
205 -14.146475 -12.563478 -19.950153 0.996675 -0.045474 -0.067611 0.269231 0.846154
206 -10.557105 -16.020790 -19.950153 0.993381 -0.091143 -0.069906 0.269231 0.884615
207 -6.218226 -18.486057 -19.950151 0.974786 -0.210460 -0.074152 0.269231 0.923077
208 -1.398966 -19.805792 -19.950151 0.923903 -0.377391 -0.063083 0.269231 0.961538
209 4.142545 -19.882597 -18.979696 0.299292 -0.948613 -0.102751 0.307692 0.000000
210 9.120409 -19.805794 -18.979698 -0.397667 -0.908859 0.125842 0.307692 0.038462
211 13.939668 -18.486050 -18.979696 -0.780394 -0.580891 0.231412 0.307692 0.076923
212 18.278543 -16.020792 -18.979696 -0.868366 -0.404314 0.287176 0.307692 0.115385
213 21.867918 -12.563474 -18.979698 -0.918246 -0.245138 0.311019 0.307692 0.153846
214 24.491331 -8.323615 -18.979698 -0.942818 -0.135836 0.304374 0.307692 0.192308
215 25.986177 -3.564922 -18.979698 -0.948100 -0.053557 0.313431 0.307692 0.230769
216 26.256605 1.414997 -18.979702 -0.949100 0.047472 0.311376 0.307692 0.269231
217 25.286146 6.306448 -18.979698 -0.951487 0.070340 0.299542 0.307692 0.307692
218 23.135653 10.805894 -18.979694 -0.941260 0.173452 0.289731 0.307692 0.346154
219 19.939220 14.633779 -18.979694 -0.906181 0.310927 0.286636 0.307692 0.384615
220 15.894943 17.551594 -18.979691 -0.855846 0.443764 0.265708 0.307692 0.423077
221 11.254523 19.378250 -18.979692 -0.598950 0.776314 0.196456 0.307692 0.461538
222 6.306447 19.999868 -18.979692 -0.046180 0.998813 0.015485 0.307692 0.500000
223 1.358367 19.378250 -18.979692 0.610004 0.769702 -0.188291 0.307692 0.538462
224 -3.282051 17.551601 -18.979696 0.839477 0.473109 -0.267296 0.307692 0.576923
225 -7.326330 14.633780 -18.979700 0.899007 0.325491 -0.292987 0.307692 0.615385
226 -10.522760 10.805899 -18.979698 0.935877 0.190040 -0.296681 0.307692 0.653846
227 -12.673248 6.306447 -18.979694 0.946845 0.093121 -0.307916 0.307692 0.692308
228 -13.643701 1.415000 -18.979698 0.947667 0.023347 -0.318405 0.307692 0.730769
229 -13.373274 -3.564923 -18.979696 0.947901 -0.056393 -0.313533 0.307692 0.769231
230 -11.878433 -8.323612 -18.979696 0.943363 -0.149610 -0.296112 0.307692 0.807692
231 -9.255023 -12.563478 -18.979700 0.917049 -0.258298 -0.303814 0.307692 0.846154
232 -5.665657 -16.020794 -18.979702 0.867634 -0.396626 -0.299831 0.307692 0.884615
233 -1.326776 -18.486048 -18.979692 0.769500 -0.592708 -0.237837 0.307692 0.923077
234 3.492483 -19.805790 -18.979692 0.366626 -0.919831 -0.139632 0.307692 0.961538
235 8.641991 -19.882595 -16.829206 0.154550 -0.982886 -0.100249 0.346154 0.000000
236 13.619852 -19.805794 -16.829210 -0.213971 -0.964078 0.157382 0.346154 0.038462
237 18.439112 -18.486052 -16.829208 -0.505059 -0.798617 0.327302 0.346154 0.076923
238 22.777981 -16.020786 -16.829203 -0.684143 -0.603538 0.409500 0.346154 0.115385
239 26.367357 -12.563474 -16.829208 -0.745621 -0.409906 0.525383 0.346154 0.153846
240 28.990774 -8.323614 -16.829206 -0.821319 -0.217323 0.527452 0.346154 0.192308
241 30.485620 -3.564922 -16.829210 -0.839006 -0.089198 0.536762 0.346154 0.230769
242 30.756042 1.414996 -16.829210 -0.848225 0.038459 0.528238 0.346154 0.269231
243 29.785585 6.306446 -16.829210 -0.838317 0.147472 0.524859 0.346154 0.307692
244 27.635101 10.805894 -16.829206 -0.801941 0.308262 0.511727 0.346154 0.346154
245 24.438662 14.633778 -16.829206 -0.731799 0.503568 0.459227 0.346154 0.384615
246 20.394382 17.551592 -16.829201 -0.663212 0.641525 0.385481 0.346154 0.423077
247 15.753965 19.378244 -16.829203 -0.344686 0.909648 0.231802 0.346154 0.461538
248 10.805891 19.999872 -16.829205 0.037905 0.999164 -0.015313 0.346154 0.500000
249 5.857812 19.378246 -16.829203 0.351603 0.906338 -0.234367 0.346154 0.538462
250 1.217396 17.551598 -16.829205 0.601904 0.701985 -0.380695 0.346154 0.576923
251 -2.826884 14.633780 -16.829210 0.719104 0.507657 -0.474524 0.346154 0.615385
252 -6.023311 10.805898 -16.829205 0.802165 0.317216 -0.505870 0.346154 0.653846
253 -8.173801 6.306447 -16.829210 0.818093 0.190774 -0.542522 0.346154 0.692308
254 -9.144255 1.415000 -16.829208 0.846276 0.039280 -0.531294 0.346154 0.730769
255 -8.873826 -3.564922 -16.829208 0.836283 -0.096878 -0.539672 0.346154 0.769231
256 -7.378987 -8.323613 -16.829210 0.823242 -0.219785 -0.523419 0.346154 0.807692
257 -4.755575 -12.563477 -16.829212 0.769750 -0.404495 -0.493831 0.346154 0.846154
258 -1.166209 -16.020790 -16.829208 0.686120 -0.588183 -0.428112 0.346154 0.884615
259 3.172670 -18.486053 -16.829210 0.510143 -0.799741 -0.316494 0.346154 0.923077
260 7.991930 -19.805788 -16.829210 0.231650 -0.962033 -0.144330 0.346154 0.961538
261 12.469873 -19.882589 -13.632774 0.106310 -0.987635 -0.115219 0.384615 0.000000
262 17.447733 -19.805786 -13.632775 -0.137989 -0.981214 0.134823 0.384615 0.038462
263 22.266989 -18.486044 -13.632772 -0.340780 -0.873350 0.348035 0.384615 0.076923
264 26.605864 -16.020786 -13.632773 -0.487224 -0.717388 0.497962 0.384615 0.115385
265 30.195238 -12.563474 -13.632775 -0.583455 -0.490976 0.646933 0.384615 0.153846
266 32.818653 -8.323613 -13.632776 -0.654157 -0.312548 0.688762 0.384615 0.192308
267 34.313492 -3.564922 -13.632775 -0.684250 -0.149315 0.713797 0.384615 0.230769
268 34.583927 1.414996 -13.632778 -0.668774 0.058791 0.741138 0.384615 0.269231
269 33.613472 6.306445 -13.632777 -0.647757 0.261694 0.715491 0.384615 0.307692
270 31.462980 10.805889 -13.632777 -0.602682 0.446876 0.661117 0.384615 0.346154
271 28.266539 14.633774 -13.632773 -0.536450 0.623273 0.568992 0.384615 0.384615
272 24.222263 17.551590 -13.632775 -0.431490 0.786917 0.441110 0.384615 0.423077
273 19.581846 19.378242 -13.632771 -0.239125 0.939321 0.245958 0.384615 0.461538
274 14.633773 19.999865 -13.632773 -0.006993 0.999947 0.007611 0.384615 0.500000
275 9.685695 19.378244 -13.632771 0.217464 0.950627 -0.221400 0.384615 0.538462
276 5.045280 17.551600 -13.632776 0.396612 0.810056 -0.431866 0.384615 0.576923
277 1.001001 14.633778 -13.632773 0.532864 0.620934 -0.574888 0.384615 0.615385
278 -2.195427 10.805897 -13.632776 0.615869 0.427652 -0.661679 0.384615 0.653846
279 -4.345914 6.306445 -13.632774 0.664281 0.244205 -0.706467 0.384615 0.692308
280 -5.316367 1.415000 -13.632776 0.681969 0.057002 -0.729157 0.384615 0.730769
281 -5.045940 -3.564921 -13.632773 0.678239 -0.137393 -0.721883 0.384615 0.769231
282 -3.551100 -8.323610 -13.632775 0.648836 -0.320031 -0.690356 0.384615 0.807692
283 -0.927689 -12.563475 -13.632779 0.593873 -0.503354 -0.627654 0.384615 0.846154
284 2.661677 -16.020788 -13.632778 0.482153 -0.706239 -0.518416 0.384615 0.884615
285 7.000555 -18.486044 -13.632775 0.331819 -0.871268 -0.361646 0.384615 0.923077
286 11.819812 -19.805784 -13.632774 0.127353 -0.981271 -0.144528 0.384615 0.961538
287 15.387692 -19.882589 -9.588498 0.070451 -0.990941 -0.114339 0.423077 0.000000
288 20.365557 -19.805784 -9.588498 -0.084902 -0.986281 0.141571 0.423077 0.038462
289 25.184814 -18.486048 -9.588499 -0.201468 -0.900550 0.385252 0.423077 0.076923
290 29.523682 -16.020786 -9.588497 -0.320439 -0.761144 0.563896 0.423077 0.115385
291 33.113060 -12.563474 -9.588500 -0.343752 -0.573248 0.743788 0.423077 0.153846
292 35.736469 -8.323612 -9.588501 -0.447985 -0.365042 0.816121 0.423077 0.192308
293 37.231316 -3.564922 -9.588498 -0.456856 -0.151266 0.876585 0.423077 0.230769
294 37.501736 1.414995 -9.588498 -0.497506 0.033763 0.866803 0.423077 0.269231
295 36.531292 6.306445 -9.588498 -0.454808 0.267641 0.849422 0.423077 0.307692
296 34.380802 10.805891 -9.588499 -0.420960 0.496530 0.759112 0.423077 0.346154
297 31.184359 14.633774 -9.588495 -0.372847 0.668372 0.643634 0.423077 0.384615
298 27.140083 17.551592 -9.588496 -0.274310 0.839629 0.468805 0.423077 0.423077
299 22.499660 19.378241 -9.588495 -0.134294 0.957232 0.256267 0.423077 0.461538
300 17.551594 19.999866 -9.588495 0.012868 0.999887 -0.007741 0.423077 0.500000
301 12.603515 19.378242 -9.588495 0.128085 0.961004 -0.245081 0.423077 0.538462
302 7.963099 17.551596 -9.588497 0.248426 0.854898 -0.455448 0.423077 0.576923
303 3.918820 14.633779 -9.588497 0.348046 0.685500 -0.639495 0.423077 0.615385
304 0.722393 10.805896 -9.588497 0.415380 0.493250 -0.764307 0.423077 0.653846
305 -1.428095 6.306446 -9.588500 0.456437 0.284057 -0.843195 0.423077 0.692308
306 -2.398548 1.414999 -9.588498 0.480956 0.062328 -0.874527 0.423077 0.730769
307 -2.128122 -3.564921 -9.588499 0.472083 -0.156728 -0.867510 0.423077 0.769231
308 -0.633281 -8.323608 -9.588498 0.447330 -0.372431 -0.813137 0.423077 0.807692
309 1.990131 -12.563473 -9.588500 0.396975 -0.576645 -0.714067 0.423077 0.846154
310 5.579497 -16.020786 -9.588499 0.308560 -0.763038 -0.567947 0.423077 0.884615
311 9.918373 -18.486046 -9.588498 0.198836 -0.910972 -0.361377 0.423077 0.923077
312 14.737630 -19.805782 -9.588499 0.088342 -0.985110 -0.147494 0.423077 0.961538
313 17.214344 -19.882587 -4.948078 0.020888 -0.993946 -0.107870 0.461538 0.000000
314 22.192204 -19.805784 -4.948079 -0.045924 -0.988539 0.143814 0.461538 0.038462
315 27.011457 -18.486040 -4.948078 -0.110754 -0.925370 0.362524 0.461538 0.076923
316 31.350336 -16.020786 -4.948077 -0.149636 -0.800460 0.580407 0.461538 0.115385
317 34.939701 -12.563471 -4.948078 -0.213580 -0.612735 0.760880 0.461538 0.153846
318 37.563114 -8.323611 -4.948078 -0.249401 -0.413200 0.875823 0.461538 0.192308
319 39.057961 -3.564921 -4.948078 -0.237301 -0.207703 0.948972 0.461538 0.230769
320 39.328396 1.414996 -4.948079 -0.255245 0.060106 0.965006 0.461538 0.269231
321 38.357944 6.306445 -4.948078 -0.230140 0.294690 0.927466 0.461538 0.307692
322 36.207451 10.805890 -4.948078 -0.220590 0.511549 0.830456 0.461538 0.346154
323 33.011013 14.633772 -4.948077 -0.178360 0.719243 0.671474 0.461538 0.384615
324 28.966738 17.551590 -4.948077 -0.121039 0.864050 0.488639 0.461538 0.423077
325 24.326319 19.378246 -4.948077 -0.037377 0.973710 0.224702 0.461538 0.461538
326 19.378239 19.999861 -4.948077 -0.004144 0.999869 0.015631 0.461538 0.500000
327 14.430166 19.378242 -4.948077 0.050607 0.971306 -0.232386 0.461538 0.538462
328 9.789750 17.551592 -4.948078 0.105498 0.879885 -0.463329 0.461538 0.576923
329 5.745472 14.633776 -4.948078 0.174178 0.718275 -0.673604 0.461538 0.615385
330 2.549045 10.805895 -4.948079 0.206682 0.530035 -0.822402 0.461538 0.653846
331 0.398556 6.306446 -4.948079 0.236423 0.306353 -0.922091 0.461538 0.692308
332 -0.571897 1.415000 -4.948079 0.247197 0.068451 -0.966544 0.461538 0.730769
333 -0.301471 -3.564921 -4.948079 0.242952 -0.173353 -0.954423 0.461538 0.769231
334 1.193372 -8.323609 -4.948079 0.225370 -0.405432 -0.885908 0.461538 0.807692
335 3.816784 -12.563472 -4.948079 0.191619 -0.615895 -0.764170 0.461538 0.846154
336 7.406149 -16.020784 -4.948079 0.156675 -0.793453 -0.588121 0.461538 0.884615
337 11.745025 -18.486040 -4.948078 0.087963 -0.918050 -0.386583 0.461538 0.923077
338 16.564278 -19.805784 -4.948080 0.026030 -0.991929 -0.124093 0.461538 0.961538
339 17.835966 -19.882589 -0.000002 0.008517 -0.993472 -0.113754 0.500000 0.000000
340 22.813826 -19.805784 -0.000002 -0.009700 -0.990786 0.135092 0.500000 0.038462
341 27.633083 -18.486046 -0.000002 0.024259 -0.925030 0.379118 0.500000 0.076923
342 31.971952 -16.020784 -0.000002 -0.030458 -0.813890 0.580220 0.500000 0.115385
343 35.561329 -12.563472 -0.000002 -0.011913 -0.631953 0.774915 0.500000 0.153846
344 38.184738 -8.323612 -0.000002 -0.001637 -0.425794 0.904819 0.500000 0.192308
345 39.679588 -3.564922 -0.000002 0.030961 -0.167748 0.985344 0.500000 0.230769
346 39.950016 1.414996 -0.000002 -0.015337 0.060485 0.998051 0.500000 0.269231
347 38.979568 6.306446 -0.000002 -0.014571 0.318469 0.947821 0.500000 0.307692
348 36.829075 10.805890 -0.000002 -0.017059 0.554631 0.831921 0.500000 0.346154
349 33.632633 14.633773 -0.000002 -0.026547 0.733090 0.679613 0.500000 0.384615
350 29.588364 17.551588 -0.000002 -0.016554 0.877504 0.479283 0.500000 0.423077
351 24.947941 19.378239 -0.000002 -0.024300 0.966694 0.254779 0.500000 0.461538
352 19.999865 19.999863 -0.000002 0.000118 0.999882 0.015383 0.500000 0.500000
353 15.051784 19.378241 -0.000002 -0.013017 0.968913 -0.247057 0.500000 0.538462
354 10.411370 17.551592 -0.000002 -0.013618 0.884835 -0.465705 0.500000 0.576923
355 6.367093 14.633777 -0.000002 0.004137 0.730788 -0.682592 0.500000 0.615385
356 3.170666 10.805897 -0.000002 0.001620 0.537557 -0.843226 0.500000 0.653846
357 1.020177 6.306445 -0.000002 -0.000609 0.316372 -0.948635 0.500000 0.692308
358 0.049724 1.415000 -0.000002 0.000023 0.070818 -0.997489 0.500000 0.730769
359 0.320150 -3.564921 -0.000002 0.000172 -0.178600 -0.983922 0.500000 0.769231
360 1.814992 -8.323610 -0.000002 0.001909 -0.418655 -0.908143 0.500000 0.807692
361 4.438405 -12.563472 -0.000002 0.003343 -0.628424 -0.777864 0.500000 0.846154
362 8.027770 -16.020784 -0.000002 0.012324 -0.799925 -0.599974 0.500000 0.884615
363 12.366646 -18.486046 -0.000002 0.015713 -0.929417 -0.368696 0.500000 0.923077
364 17.185896 -19.805780 -0.000002 -0.011760 -0.988645 -0.149811 0.500000 0.961538
365 17.214348 -19.882589 4.948079 -0.028388 -0.993750 -0.107959 0.538462 0.000000
366 22.192204 -19.805784 4.948080 0.012672 -0.992765 0.119407 0.538462 0.038462
367 27.011465 -18.486044 4.948079 0.096926 -0.928766 0.357770 0.538462 0.076923
368 31.350340 -16.020788 4.948079 0.154428 -0.799360 0.580668 0.538462 0.115385
369 34.939713 -12.563473 4.948079 0.210644 -0.599965 0.771797 0.538462 0.153846
370 37.563122 -8.323614 4.948079 0.210164 -0.416649 0.884440 0.538462 0.192308
371 39.057972 -3.564922 4.948079 0.258030 -0.161451 0.952551 0.538462 0.230769
372 39.328400 1.414997 4.948079 0.231246 0.058939 0.971108 0.538462 0.269231
373 38.357941 6.306446 4.948079 0.207278 0.280829 0.937108 0.538462 0.307692
374 36.207458 10.805892 4.948079 0.244829 0.548132 0.799756 0.538462 0.346154
375 33.011017 14.633774 4.948077 0.188656 0.708836 0.679676 0.538462 0.384615
376 28.966747 17.551592 4.948077 0.133709 0.874430 0.466363 0.538462 0.423077
377 24.326326 19.378242 4.948076 0.075707 0.966443 0.245473 0.538462 0.461538
378 19.378246 19.999863 4.948077 0.009910 0.999920 0.007851 0.538462 0.500000
379 14.430165 19.378244 4.948078 -0.049339 0.968760 -0.243043 0.538462 0.538462
380 9.789750 17.551592 4.948078 -0.130400 0.878521 -0.459562 0.538462 0.576923
381 5.745472 14.633778 4.948079 -0.162338 0.718523 -0.676292 0.538462 0.615385
382 2.549046 10.805897 4.948079 -0.212124 0.530779 -0.820535 0.538462 0.653846
383 0.398556 6.306446 4.948078 -0.235399 0.308595 -0.921605 0.538462 0.692308
384 -0.571897 1.415000 4.948078 -0.245774 0.067795 -0.966954 0.538462 0.730769
385 -0.301471 -3.564922 4.948079 -0.243602 -0.173507 -0.954229 0.538462 0.769231
386 1.193371 -8.323611 4.948079 -0.226378 -0.406746 -0.885049 0.538462 0.807692
387 3.816783 -12.563474 4.948079 -0.186457 -0.625950 -0.757245 0.538462 0.846154
388 7.406149 -16.020786 4.948079 -0.149088 -0.794034 -0.589307 0.538462 0.884615
389 11.745026 -18.486042 4.948078 -0.105609 -0.915922 -0.387213 0.538462 0.923077
390 16.564285 -19.805782 4.948079 -0.053120 -0.987582 -0.147853 0.538462 0.961538
391 15.387695 -19.882593 9.588495 -0.049668 -0.993024 -0.106941 0.576923 0.000000
392 20.365561 -19.805788 9.588496 0.069416 -0.986776 0.146475 0.576923 0.038462
393 25.184820 -18.486050 9.588496 0.204497 -0.906228 0.370043 0.576923 0.076923
394 29.523695 -16.020788 9.588497 0.306803 -0.764228 0.567298 0.576923 0.115385
395 33.113060 -12.563474 9.588496 0.390550 -0.581815 0.713416 0.576923 0.153846
396 35.736477 -8.323613 9.588495 0.412630 -0.393461 0.821538 0.576923 0.192308
397 37.231319 -3.564922 9.588497 0.435146 -0.189194 0.880258 0.576923 0.230769
398 37.501747 1.414997 9.588496 0.449695 0.050638 0.891746 0.576923 0.269231
399 36.531292 6.306446 9.588496 0.445494 0.284705 0.848810 0.576923 0.307692
400 34.380795 10.805892 9.588495 0.396756 0.466253 0.790691 0.576923 0.346154
401 31.184368 14.633777 9.588494 0.332995 0.710791 0.619589 0.576923 0.384615
402 27.140091 17.551590 9.588491 0.253018 0.839489 0.480875 0.576923 0.423077
403 22.499672 19.378241 9.588491 0.117672 0.963947 0.238662 0.576923 0.461538
404 17.551596 19.999865 9.588492 -0.012770 0.999888 -0.007812 0.576923 0.500000
405 12.603516 19.378241 9.588492 -0.154159 0.958706 -0.238992 0.576923 0.538462
406 7.963102 17.551596 9.588494 -0.253879 0.850083 -0.461416 0.576923 0.576923
407 3.918823 14.633780 9.588496 -0.352039 0.683395 -0.639562 0.576923 0.615385
408 0.722395 10.805900 9.588496 -0.417687 0.487547 -0.766704 0.576923 0.653846
409 -1.428094 6.306446 9.588493 -0.459984 0.281415 -0.842152 0.576923 0.692308
410 -2.398547 1.415000 9.588492 -0.477393 0.063385 -0.876401 0.576923 0.730769
411 -2.128121 -3.564921 9.588495 -0.475658 -0.157056 -0.865496 0.576923 0.769231
412 -0.633279 -8.323611 9.588495 -0.445230 -0.373139 -0.813964 0.576923 0.807692
413 1.990134 -12.563476 9.588495 -0.387024 -0.583474 -0.713982 0.576923 0.846154
414 5.579499 -16.020788 9.588496 -0.300042 -0.765283 -0.569488 0.576923 0.884615
415 9.918377 -18.486052 9.588496 -0.168053 -0.922304 -0.348014 0.576923 0.923077
416 14.737633 -19.805784 9.588496 -0.108238 -0.982325 -0.152718 0.576923 0.961538
417 12.469876 -19.882595 13.632774 -0.105440 -0.987963 -0.113185 0.615385 0.000000
418 17.447744 -19.805794 13.632775 0.202082 -0.966644 0.157361 0.615385 0.038462
419 22.267000 -18.486050 13.632775 0.305858 -0.886822 0.346407 0.615385 0.076923
420 26.605871 -16.020790 13.632774 0.478887 -0.707075 0.520300 0.615385 0.115385
421 30.195246 -12.563472 13.632774 0.587749 -0.490580 0.643337 0.615385 0.153846
422 32.818668 -8.323614 13.632778 0.665783 -0.281243 0.691112 0.615385 0.192308
423 34.313507 -3.564921 13.632778 0.684739 -0.095416 0.722515 0.615385 0.230769
424 34.583927 1.414997 13.632777 0.664671 0.042689 0.745916 0.615385 0.269231
425 33.613464 6.306447 13.632775 0.669283 0.220386 0.709571 0.615385 0.307692
426 31.462980 10.805891 13.632774 0.611986 0.420879 0.669578 0.615385 0.346154
427 28.266548 14.633776 13.632773 0.547071 0.609262 0.574033 0.615385 0.384615
428 24.222273 17.551596 13.632772 0.405573 0.800607 0.441066 0.615385 0.423077
429 19.581852 19.378244 13.632769 0.254018 0.930603 0.263541 0.615385 0.461538
430 14.633778 19.999866 13.632772 -0.010471 0.999945 0.000000 0.615385 0.500000
431 9.685699 19.378246 13.632770 -0.216808 0.946510 -0.238982 0.615385 0.538462
432 5.045281 17.551600 13.632775 -0.414897 0.797730 -0.437592 0.615385 0.576923
433 1.001002 14.633780 13.632776 -0.531191 0.614845 -0.582925 0.615385 0.615385
434 -2.195426 10.805897 13.632774 -0.622019 0.418078 -0.662045 0.615385 0.653846
435 -4.345914 6.306447 13.632771 -0.662442 0.233610 -0.711756 0.615385 0.692308
436 -5.316367 1.415000 13.632771 -0.683918 0.044052 -0.728228 0.615385 0.730769
437 -5.045941 -3.564922 13.632773 -0.672069 -0.129795 -0.729024 0.615385 0.769231
438 -3.551099 -8.323610 13.632771 -0.642857 -0.323051 -0.694530 0.615385 0.807692
439 -0.927687 -12.563476 13.632776 -0.586404 -0.506796 -0.631893 0.615385 0.846154
440 2.661678 -16.020788 13.632775 -0.493668 -0.694558 -0.523336 0.615385 0.884615
441 7.000557 -18.486048 13.632772 -0.349319 -0.862138 -0.367007 0.615385 0.923077
442 11.819815 -19.805786 13.632774 -0.110208 -0.985444 -0.129438 0.615385 0.961538
443 8.641995 -19.882593 16.829203 -0.191501 -0.974700 -0.115269 0.653846 0.000000
444 13.619858 -19.805788 16.829203 0.186644 -0.973948 0.128798 0.653846 0.038462
445 18.439119 -18.486052 16.829203 0.519732 -0.785712 0.335463 0.653846 0.076923
446 22.777992 -16.020792 16.829201 0.685572 -0.574953 0.446565 0.653846 0.115385
447 26.367355 -12.563471 16.829203 0.757916 -0.426965 0.493218 0.653846 0.153846
448 28.990776 -8.323613 16.829205 0.817604 -0.238701 0.523972 0.653846 0.192308
449 30.485628 -3.564922 16.829208 0.849809 -0.094829 0.518490 0.653846 0.230769
450 30.756046 1.414998 16.829208 0.826159 0.050873 0.561135 0.653846 0.269231
451 29.785589 6.306448 16.829203 0.822329 0.153692 0.547863 0.653846 0.307692
452 27.635098 10.805890 16.829205 0.792293 0.345161 0.503126 0.653846 0.346154
453 24.438671 14.633776 16.829199 0.718450 0.512529 0.470258 0.653846 0.384615
454 20.394394 17.551590 16.829199 0.592471 0.708471 0.383467 0.653846 0.423077
455 15.753973 19.378242 16.829195 0.312580 0.921167 0.231828 0.653846 0.461538
456 10.805896 19.999865 16.829199 0.011565 0.999904 0.007603 0.653846 0.500000
457 5.857818 19.378248 16.829199 -0.373320 0.897319 -0.235479 0.653846 0.538462
458 1.217402 17.551598 16.829205 -0.592660 0.710094 -0.380159 0.653846 0.576923
459 -2.826878 14.633780 16.829201 -0.722166 0.500299 -0.477679 0.653846 0.615385
460 -6.023306 10.805896 16.829203 -0.799930 0.326146 -0.503727 0.653846 0.653846
461 -8.173797 6.306448 16.829201 -0.826299 0.188785 -0.530651 0.653846 0.692308
462 -9.144247 1.415001 16.829199 -0.844112 0.039208 -0.534732 0.653846 0.730769
463 -8.873823 -3.564922 16.829203 -0.836397 -0.096847 -0.539500 0.653846 0.769231
464 -7.378981 -8.323613 16.829205 -0.821739 -0.227977 -0.522275 0.653846 0.807692
465 -4.755568 -12.563475 16.829205 -0.772769 -0.395007 -0.496788 0.653846 0.846154
466 -1.166203 -16.020790 16.829201 -0.658577 -0.611107 -0.439119 0.653846 0.884615
467 3.172676 -18.486053 16.829203 -0.468662 -0.821995 -0.323544 0.653846 0.923077
468 7.991935 -19.805790 16.829203 -0.211280 -0.966873 -0.143240 0.653846 0.961538
469 4.142545 -19.882597 18.979691 -0.273274 -0.956321 -0.103787 0.692308 0.000000
470 9.120408 -19.805790 18.979692 0.436902 -0.887928 0.143879 0.692308 0.038462
471 13.939665 -18.486048 18.979692 0.776102 -0.582597 0.241344 0.692308 0.076923
472 18.278538 -16.020788 18.979694 0.886034 -0.371085 0.277921 0.692308 0.115385
473 21.867916 -12.563474 18.979694 0.927770 -0.230287 0.293616 0.692308 0.153846
474 24.491322 -8.323611 18.979691 0.929984 -0.152415 0.334514 0.692308 0.192308
475 25.986172 -3.564921 18.979694 0.938242 -0.079938 0.336620 0.692308 0.230769
476 26.256599 1.414997 18.979696 0.945713 0.036523 0.322945 0.692308 0.269231
477 25.286137 6.306446 18.979694 0.942559 0.104108 0.317402 0.692308 0.307692
478 23.135653 10.805892 18.979691 0.930514 0.199947 0.306864 0.692308 0.346154
479 19.939222 14.633775 18.979689 0.904723 0.316894 0.284699 0.692308 0.384615
480 15.894947 17.551592 18.979687 0.812121 0.517553 0.269439 0.692308 0.423077
481 11.254524 19.378246 18.979689 0.586936 0.785639 0.195645 0.692308 0.461538
482 6.306448 19.999868 18.979685 -0.022745 0.999741 0.000176 0.692308 0.500000
483 1.358368 19.378248 18.979689 -0.602818 0.770840 -0.205950 0.692308 0.538462
484 -3.282047 17.551596 18.979687 -0.814582 0.509945 -0.276429 0.692308 0.576923
485 -7.326326 14.633777 18.979691 -0.895088 0.327050 -0.303078 0.692308 0.615385
486 -10.522756 10.805897 18.979689 -0.934974 0.185947 -0.302073 0.692308 0.653846
487 -12.673245 6.306448 18.979691 -0.947446 0.108184 -0.301069 0.692308 0.692308
488 -13.643698 1.415001 18.979689 -0.950768 0.021455 -0.309160 0.692308 0.730769
489 -13.373271 -3.564921 18.979691 -0.948591 -0.058383 -0.311073 0.692308 0.769231
490 -11.878428 -8.323611 18.979692 -0.939271 -0.143306 -0.311823 0.692308 0.807692
491 -9.255018 -12.563476 18.979694 -0.926853 -0.224235 -0.301103 0.692308 0.846154
492 -5.665652 -16.020790 18.979694 -0.872939 -0.388014 -0.295673 0.692308 0.884615
493 -1.326774 -18.486046 18.979689 -0.745076 -0.616710 -0.254029 0.692308 0.923077
494 3.492484 -19.805786 18.979692 -0.371369 -0.918575 -0.135294 0.692308 0.961538
495 -0.748903 -19.882595 19.950144 -0.846634 -0.528917 -0.058797 0.730769 0.000000
496 4.228960 -19.805790 19.950144 0.871947 -0.484415 0.071072 0.730769 0.038462
497 9.048220 -18.486050 19.950144 0.983741 -0.166177 0.068105 0.730769 0.076923
498 13.387091 -16.020788 19.950144 0.993036 -0.094887 0.069823 0.730769 0.115385
499 16.976465 -12.563472 19.950146 0.998085 -0.031963 0.052967 0.730769 0.153846
500 19.599880 -8.323611 19.950146 0.996478 -0.033693 0.076782 0.730769 0.192308
501 21.094725 -3.564921 19.950148 0.997098 0.001297 0.076116 0.730769 0.230769
502 21.365152 1.414997 19.950148 0.997054 -0.001163 0.076696 0.730769 0.269231
503 20.394693 6.306448 19.950146 0.994985 0.038270 0.092408 0.730769 0.307692
504 18.244211 10.805892 19.950148 0.997032 0.048719 0.059606 0.730769 0.346154
505 15.047776 14.633773 19.950140 0.992624 0.093580 0.077076 0.730769 0.384615
506 11.003497 17.551592 19.950138 0.992064 0.105861 0.067835 0.730769 0.423077
507 6.363079 19.378246 19.950138 0.943612 0.321242 0.079998 0.730769 0.461538
508 1.415002 19.999868 19.950144 -0.110160 0.993832 -0.012760 0.730769 0.500000
509 -3.533078 19.378248 19.950138 -0.951219 0.297138 -0.083013 0.730769 0.538462
510 -8.173495 17.551600 19.950148 -0.987093 0.150077 -0.055890 0.730769 0.576923
511 -12.217776 14.633778 19.950142 -0.994046 0.083862 -0.069566 0.730769 0.615385
512 -15.414202 10.805897 19.950146 -0.996465 0.057922 -0.060853 0.730769 0.653846
513 -17.564693 6.306449 19.950140 -0.996922 0.008437 -0.077950 0.730769 0.692308
514 -18.535143 1.415001 19.950138 -0.996859 -0.017131 -0.077317 0.730769 0.730769
515 -18.264717 -3.564921 19.950144 -0.997400 -0.020695 -0.069031 0.730769 0.769231
516 -16.769876 -8.323611 19.950148 -0.997463 -0.015004 -0.069590 0.730769 0.807692
517 -14.146465 -12.563473 19.950150 -0.999187 -0.011163 -0.038728 0.730769 0.846154
518 -10.557099 -16.020788 19.950142 -0.986804 -0.134333 -0.090404 0.730769 0.884615
519 -6.218221 -18.486048 19.950146 -0.987765 -0.140617 -0.067432 0.730769 0.923077
520 -1.398962 -19.805788 19.950144 -0.871271 -0.486575 -0.064278 0.730769 0.961538
521 -5.728826 -19.882593 19.679716 -0.605297 0.789360 0.102597 0.769231 0.000000
522 -0.750964 -19.805794 19.679720 0.600891 0.791573 -0.111096 0.769231 0.038462
523 4.068297 -18.486048 19.679720 0.873135 0.456801 -0.170202 0.769231 0.076923
524 8.407173 -16.020790 19.679720 0.953942 0.243234 -0.175592 0.769231 0.115385
525 11.996545 -12.563473 19.679718 0.977647 0.130854 -0.164571 0.769231 0.153846
526 14.619962 -8.323613 19.679720 0.977754 0.096580 -0.186199 0.769231 0.192308
527 16.114805 -3.564921 19.679726 0.981786 0.046631 -0.184176 0.769231 0.230769
528 16.385227 1.414997 19.679724 0.982647 -0.021412 -0.184246 0.769231 0.269231
529 15.414772 6.306446 19.679720 0.983023 -0.058126 -0.174031 0.769231 0.307692
530 13.264284 10.805892 19.679718 0.975473 -0.124955 -0.181217 0.769231 0.346154
531 10.067855 14.633776 19.679714 0.972573 -0.164991 -0.163951 0.769231 0.384615
532 6.023579 17.551598 19.679716 0.924600 -0.341215 -0.169374 0.769231 0.423077
533 1.383158 19.378248 19.679714 0.843855 -0.516617 -0.144967 0.769231 0.461538
534 -3.564918 19.999870 19.679712 -0.085788 -0.996214 0.014047 0.769231 0.500000
535 -8.513000 19.378248 19.679714 -0.838223 -0.527351 0.138865 0.769231 0.538462
536 -13.153418 17.551601 19.679718 -0.948509 -0.271191 0.163664 0.769231 0.576923
537 -17.197699 14.633780 19.679720 -0.972035 -0.153352 0.177849 0.769231 0.615385
538 -20.394127 10.805897 19.679716 -0.982254 -0.113429 0.149371 0.769231 0.653846
539 -22.544617 6.306448 19.679718 -0.979188 -0.052500 0.196048 0.769231 0.692308
540 -23.515068 1.415001 19.679722 -0.983128 0.002465 0.182904 0.769231 0.730769
541 -23.244637 -3.564921 19.679718 -0.985247 0.038908 0.166659 0.769231 0.769231
542 -21.749798 -8.323612 19.679720 -0.978198 0.099336 0.182375 0.769231 0.807692
543 -19.126390 -12.563473 19.679720 -0.967119 0.185090 0.174419 0.769231 0.846154
544 -15.537021 -16.020788 19.679718 -0.965979 0.206537 0.155651 0.769231 0.884615
545 -11.198143 -18.486048 19.679718 -0.903483 0.391983 0.173399 0.769231 0.923077
546 -6.378884 -19.805790 19.679718 -0.667747 0.737117 0.103794 0.769231 0.961538
547 -10.487516 -19.882595 18.184879 -0.220938 0.969942 0.101971 0.807692 0.000000
548 -5.509653 -19.805798 18.184877 0.328027 0.935395 -0.132040 0.807692 0.038462
549 -0.690391 -18.486055 18.184881 0.621470 0.725706 -0.295170 0.807692 0.076923
550 3.648484 -16.020792 18.184881 0.776528 0.507652 -0.373219 0.807692 0.115385
551 7.237856 -12.563472 18.184881 0.859526 0.325565 -0.393984 0.807692 0.153846
552 9.861270 -8.323611 18.184881 0.891878 0.186104 -0.412212 0.807692 0.192308
553 11.356112 -3.564921 18.184879 0.911651 0.057984 -0.406855 0.807692 0.230769
554 11.626540 1.414997 18.184885 0.905255 -0.023695 -0.424208 0.807692 0.269231
555 10.656084 6.306446 18.184881 0.905592 -0.140330 -0.400264 0.807692 0.307692
556 8.505596 10.805893 18.184877 0.884993 -0.248534 -0.393723 0.807692 0.346154
557 5.309166 14.633773 18.184874 0.837654 -0.402963 -0.368722 0.807692 0.384615
558 1.264890 17.551594 18.184875 0.733126 -0.593945 -0.331293 0.807692 0.423077
559 -3.375529 19.378246 18.184875 0.468203 -0.855642 -0.220595 0.807692 0.461538
560 -8.323605 19.999870 18.184875 0.057199 -0.998337 0.007212 0.807692 0.500000
561 -13.271686 19.378248 18.184877 -0.512246 -0.832809 0.209842 0.807692 0.538462
562 -17.912106 17.551600 18.184877 -0.721340 -0.599881 0.346139 0.807692 0.576923
563 -21.956388 14.633780 18.184877 -0.846436 -0.384622 0.368255 0.807692 0.615385
564 -25.152817 10.805900 18.184881 -0.874758 -0.242138 0.419722 0.807692 0.653846
565 -27.303305 6.306448 18.184879 -0.904203 -0.134815 0.405268 0.807692 0.692308
566 -28.273754 1.415001 18.184881 -0.903389 -0.008842 0.428732 0.807692 0.730769
567 -28.003328 -3.564922 18.184877 -0.913115 0.065183 0.402459 0.807692 0.769231
568 -26.508486 -8.323610 18.184877 -0.895786 0.185612 0.403877 0.807692 0.807692
569 -23.885078 -12.563475 18.184883 -0.842391 0.350630 0.409189 0.807692 0.846154
570 -20.295712 -16.020786 18.184879 -0.812998 0.448489 0.371338 0.807692 0.884615
571 -15.956833 -18.486055 18.184883 -0.599013 0.745178 0.293076 0.807692 0.923077
572 -11.137571 -19.805798 18.184877 -0.219941 0.967371 0.125778 0.807692 0.961538
573 -14.727377 -19.882595 15.561466 -0.165772 0.978507 0.122650 0.846154 0.000000
574 -9.749516 -19.805796 15.561470 0.197860 0.970034 -0.141013 0.846154 0.038462
575 -4.930254 -18.486052 15.561467 0.425502 0.838667 -0.339979 0.846154 0.076923
576 -0.591379 -16.020796 15.561470 0.601972 0.639526 -0.478159 0.846154 0.115385
577 2.997992 -12.563472 15.561468 0.700067 0.442258 -0.560638 0.846154 0.153846
578 5.621406 -8.323613 15.561469 0.753216 0.268467 -0.600493 0.846154 0.192308
579 7.116251 -3.564922 15.561477 0.759530 0.124546 -0.638438 0.846154 0.230769
580 7.386677 1.414998 15.561473 0.772418 -0.039264 -0.633900 0.846154 0.269231
581 6.416222 6.306449 15.561471 0.761779 -0.205393 -0.614416 0.846154 0.307692
582 4.265733 10.805894 15.561468 0.722441 -0.375350 -0.580681 0.846154 0.346154
583 1.069303 14.633776 15.561466 0.646539 -0.554446 -0.524001 0.846154 0.384615
584 -2.974972 17.551600 15.561464 0.519355 -0.752937 -0.404174 0.846154 0.423077
585 -7.615391 19.378248 15.561465 0.305673 -0.920932 -0.241762 0.846154 0.461538
586 -12.563465 19.999870 15.561462 0.000000 -1.000000 -0.000000 0.846154 0.500000
587 -17.511547 19.378252 15.561465 -0.267305 -0.934717 0.234206 0.846154 0.538462
588 -22.151972 17.551603 15.561469 -0.488978 -0.756214 0.434789 0.846154 0.576923
589 -26.196251 14.633780 15.561468 -0.647893 -0.557355 0.519220 0.846154 0.615385
590 -29.392683 10.805901 15.561468 -0.709550 -0.370523 0.599376 0.846154 0.653846
591 -31.543169 6.306448 15.561465 -0.774205 -0.197012 0.601493 0.846154 0.692308
592 -32.513618 1.415001 15.561468 -0.781090 -0.035428 0.623413 0.846154 0.730769
593 -32.243195 -3.564922 15.561470 -0.764503 0.111986 0.634818 0.846154 0.769231
594 -30.748352 -8.323611 15.561466 -0.743155 0.273219 0.610796 0.846154 0.807692
595 -28.124941 -12.563472 15.561468 -0.701109 0.443910 0.558024 0.846154 0.846154
596 -24.535576 -16.020788 15.561468 -0.595723 0.651207 0.470154 0.846154 0.884615
597 -20.196697 -18.486055 15.561467 -0.403398 0.850055 0.338640 0.846154 0.923077
598 -15.377430 -19.805792 15.561468 -0.207375 0.965910 0.154965 0.846154 0.961538
599 -18.184689 -19.882595 11.972102 -0.089533 0.988985 0.117867 0.884615 0.000000
600 -13.206828 -19.805796 11.972105 0.113869 0.983114 -0.143248 0.884615 0.038462
601 -8.387567 -18.486052 11.972104 0.262653 0.898437 -0.351888 0.884615 0.076923
602 -4.048693 -16.020792 11.972104 0.413762 0.727914 -0.546755 0.884615 0.115385
603 -0.459321 -12.563472 11.972102 0.508906 0.539382 -0.670881 0.884615 0.153846
604 2.164092 -8.323612 11.972105 0.563351 0.344575 -0.750935 0.884615 0.192308
605 3.658936 -3.564922 11.972105 0.594997 0.141679 -0.791142 0.884615 0.230769
606 3.929362 1.414998 11.972107 0.589811 -0.058618 -0.805411 0.884615 0.269231
607 2.958908 6.306448 11.972106 0.579606 -0.249838 -0.775653 0.884615 0.307692
608 0.808420 10.805894 11.972105 0.527499 -0.453645 -0.718297 0.884615 0.346154
609 -2.388010 14.633780 11.972104 0.462971 -0.648364 -0.604386 0.884615 0.384615
610 -6.432285 17.551596 11.972102 0.320409 -0.827990 -0.460186 0.884615 0.423077
611 -11.072703 19.378246 11.972101 0.196551 -0.947002 -0.254076 0.884615 0.461538
612 -16.020777 19.999865 11.972101 0.002043 -0.999879 -0.015398 0.884615 0.500000
613 -20.968861 19.378248 11.972103 -0.170981 -0.954471 0.244441 0.884615 0.538462
614 -25.609285 17.551600 11.972104 -0.330825 -0.821972 0.463590 0.884615 0.576923
615 -29.653572 14.633782 11.972104 -0.433015 -0.653984 0.620325 0.884615 0.615385
616 -32.849991 10.805899 11.972102 -0.517913 -0.464103 0.718592 0.884615 0.653846
617 -35.000484 6.306448 11.972103 -0.562266 -0.236512 0.792413 0.884615 0.692308
618 -35.970928 1.415000 11.972103 -0.615548 -0.077581 0.784271 0.884615 0.730769
619 -35.700508 -3.564922 11.972102 -0.585368 0.149134 0.796934 0.884615 0.769231
620 -34.205669 -8.323609 11.972102 -0.577169 0.338630 0.743105 0.884615 0.807692
621 -31.582256 -12.563473 11.972103 -0.511855 0.528613 0.677180 0.884615 0.846154
622 -27.992886 -16.020786 11.972103 -0.459050 0.689865 0.559785 0.884615 0.884615
623 -23.654011 -18.486055 11.972105 -0.240996 0.906635 0.346314 0.884615 0.923077
624 -18.834743 -19.805790 11.972102 -0.130269 0.979515 0.153558 0.884615 0.961538
625 -20.649954 -19.882595 7.633224 -0.049612 0.991289 0.122005 0.923077 0.000000
626 -15.672091 -19.805794 7.633224 0.042079 0.988768 -0.143409 0.923077 0.038462
627 -10.852826 -18.486050 7.633224 0.151670 0.914312 -0.375541 0.923077 0.076923
628 -6.513955 -16.020790 7.633225 0.238553 0.781422 -0.576603 0.923077 0.115385
629 -2.924584 -12.563474 7.633225 0.306188 0.600125 -0.738985 0.923077 0.153846
630 -0.301172 -8.323613 7.633224 0.352870 0.387462 -0.851679 0.923077 0.192308
631 1.193673 -3.564921 7.633224 0.376017 0.164935 -0.911815 0.923077 0.230769
632 1.464099 1.414998 7.633225 0.377878 -0.063109 -0.923702 0.923077 0.269231
633 0.493646 6.306448 7.633224 0.365876 -0.293806 -0.883070 0.923077 0.307692
634 -1.656841 10.805895 7.633225 0.329073 -0.507950 -0.796051 0.923077 0.346154
635 -4.853271 14.633778 7.633221 0.270793 -0.703634 -0.656940 0.923077 0.384615
636 -8.897545 17.551596 7.633222 0.197284 -0.860462 -0.469770 0.923077 0.423077
637 -13.537964 19.378246 7.633221 0.106819 -0.965342 -0.238128 0.923077 0.461538
638 -18.486042 19.999870 7.633222 -0.003090 -0.999965 0.007758 0.923077 0.500000
639 -23.434122 19.378250 7.633222 -0.085453 -0.967047 0.239828 0.923077 0.538462
640 -28.074545 17.551601 7.633224 -0.205110 -0.855031 0.476289 0.923077 0.576923
641 -32.118832 14.633780 7.633223 -0.276575 -0.701545 0.656765 0.923077 0.615385
642 -35.315254 10.805899 7.633224 -0.316597 -0.512057 0.798476 0.923077 0.653846
643 -37.465748 6.306450 7.633224 -0.340918 -0.273688 0.899372 0.923077 0.692308
644 -38.436192 1.415001 7.633223 -0.382705 -0.054677 0.922251 0.923077 0.730769
645 -38.165771 -3.564922 7.633224 -0.362701 0.187217 0.912906 0.923077 0.769231
646 -36.670937 -8.323611 7.633225 -0.321701 0.412131 0.852442 0.923077 0.807692
647 -34.047523 -12.563475 7.633225 -0.268706 0.631411 0.727404 0.923077 0.846154
648 -30.458155 -16.020790 7.633225 -0.220214 0.790438 0.571589 0.923077 0.884615
649 -26.119268 -18.486048 7.633225 -0.178320 0.904413 0.387606 0.923077 0.923077
650 -21.300009 -19.805786 7.633222 -0.076870 0.982752 0.168197 0.923077 0.961538
651 -21.969692 -19.882595 2.813963 -0.015131 0.993297 0.114597 0.961538 0.000000
652 -16.991831 -19.805792 2.813964 0.028554 0.986995 -0.158193 0.961538 0.038462
653 -12.172568 -18.486052 2.813964 0.058180 0.920459 -0.386485 0.961538 0.076923
654 -7.833694 -16.020792 2.813964 0.097323 0.793312 -0.600987 0.961538 0.115385
655 -4.244324 -12.563473 2.813964 0.116019 0.621714 -0.774604 0.961538 0.153846
656 -1.620913 -8.323613 2.813964 0.130913 0.412025 -0.901719 0.961538 0.192308
657 -0.126069 -3.564920 2.813964 0.139179 0.177483 -0.974232 0.961538 0.230769
658 0.144358 1.414998 2.813964 0.141437 -0.069841 -0.987481 0.961538 0.269231
659 -0.826094 6.306448 2.813964 0.135379 -0.311426 -0.940578 0.961538 0.307692
660 -2.976581 10.805894 2.813963 0.120056 -0.536180 -0.835522 0.961538 0.346154
661 -6.173009 14.633779 2.813963 0.101497 -0.728472 -0.677516 0.961538 0.384615
662 -10.217284 17.551598 2.813962 0.071359 -0.879651 -0.470235 0.961538 0.423077
663 -14.857702 19.378244 2.813962 0.032916 -0.969617 -0.242404 0.961538 0.461538
664 -19.805780 19.999866 2.813963 0.000000 -1.000000 0.000000 0.961538 0.500000
665 -24.753860 19.378246 2.813963 -0.043781 -0.968281 0.245999 0.961538 0.538462
666 -29.394283 17.551601 2.813963 -0.071685 -0.871146 0.485763 0.961538 0.576923
667 -33.438564 14.633780 2.813963 -0.096519 -0.735493 0.670622 0.961538 0.615385
668 -36.634987 10.805899 2.813963 -0.129775 -0.534062 0.835426 0.961538 0.653846
669 -38.785473 6.306448 2.813963 -0.158918 -0.331347 0.930029 0.961538 0.692308
670 -39.755932 1.415001 2.813963 -0.123060 -0.061574 0.990487 0.961538 0.730769
671 -39.485512 -3.564920 2.813963 -0.136989 0.167160 0.976367 0.961538 0.769231
672 -37.990673 -8.323610 2.813963 -0.113192 0.398949 0.909960 0.961538 0.807692
673 -35.367256 -12.563474 2.813963 -0.122364 0.604754 0.786956 0.961538 0.846154
674 -31.777887 -16.020786 2.813963 -0.100123 0.790366 0.604398 0.961538 0.884615
675 -27.439009 -18.486046 2.813964 -0.068799 0.926844 0.369091 0.961538 0.923077
676 -22.619751 -19.805788 2.813963 -0.011579 0.989259 0.145716 0.961538 0.961538
1250
1 28 27
1 2 28
2 29 28
2 3 29
3 30 29
3 4 30
4 31 30
4 5 31
5 32 31
5 6 32
6 33 32
6 7 33
7 34 33
7 8 34
8 35 34
8 9 35
9 36 35
9 10 36
10 37 36
10 11 37
11 38 37
11 12 38
12 39 38
12 13 39
13 40 39
13 14 40
14 41 40
14 15 41
15 42 41
15 16 42
16 43 42
16 17 43
17 44 43
17 18 44
18 45 44
18 19 45
19 46 45
19 20 46
20 47 46
20 21 47
21 48 47
21 22 48
22 49 48
22 23 49
23 50 49
23 24 50
24 51 50
24 25 51
25 52 51
25 26 52
27 54 53
27 28 54
28 55 54
28 29 55
29 56 55
29 30 56
30 57 56
30 31 57
31 58 57
31 32 58
32 59 58
32 33 59
33 60 59
33 34 60
34 61 60
34 35 61
35 62 61
35 36 62
36 63 62
36 37 63
37 64 63
37 38 64
38 65 64
38 39 65
39 66 65
39 40 66
40 67 66
40 41 67
41 68 67
41 42 68
42 69 68
42 43 69
43 70 69
43 44 70
44 71 70
44 45 71
45 72 71
45 46 72
46 73 72
46 47 73
47 74 73
47 48 74
48 75 74
48 49 75
49 76 75
49 50 76
50 77 76
50 51 77
51 78 77
51 52 78
53 80 79
53 54 80
54 81 80
54 55 81
55 82 81
55 56 82
56 83 82
56 57 83
57 84 83
57 58 84
58 85 84
58 59 85
59 86 85
59 60 86
60 87 86
60 61 87
61 88 87
61 62 88
62 89 88
62 63 89
63 90 89
63 64 90
64 91 90
64 65 91
65 92 91
65 66 92
66 93 92
66 67 93
67 94 93
67 68 94
68 95 94
68 69 95
69 96 95
69 70 96
70 97 96
70 71 97
71 98 97
71 72 98
72 99 98
72 73 99
73 100 99
73 74 100
74 101 100
74 75 101
75 102 101
75 76 102
76 103 102
76 77 103
77 104 103
77 78 104
79 106 105
79 80 106
80 107 106
80 81 107
81 108 107
81 82 108
82 109 108
82 83 109
83 110 109
83 84 110
84 111 110
84 85 111
85 112 111
85 86 112
86 113 112
86 87 113
87 114 113
87 88 114
88 115 114
88 89 115
89 116 115
89 90 116
90 117 116
90 91 117
91 118 117
91 92 118
92 119 118
92 93 119
93 120 119
93 94 120
94 121 120
94 95 121
95 122 121
95 96 122
96 123 122
96 97 123
97 124 123
97 98 124
98 125 124
98 99 125
99 126 125
99 100 126
100 127 126
100 101 127
101 128 127
101 102 128
102 129 128
102 103 129
103 130 129
103 104 130
105 132 131
105 106 132
106 133 132
106 107 133
107 134 133
107 108 134
108 135 134
108 109 135
109 136 135
109 110 136
110 137 136
110 111 137
111 138 137
111 112 138
112 139 138
112 113 139
113 140 139
113 114 140
114 141 140
114 115 141
115 142 141
115 116 142
116 143 142
116 117 143
117 144 143
117 118 144
118 145 144
118 119 145
119 146 145
119 120 146
120 147 146
120 121 147
121 148 147
121 122 148
122 149 148
122 123 149
123 150 149
123 124 150
124 151 150
124 125 151
125 152 151
125 126 152
126 153 152
126 127 153
127 154 153
127 128 154
128 155 154
128 129 155
129 156 155
129 130 156
131 158 157
131 132 158
132 159 158
132 133 159
133 160 159
133 134 160
134 161 160
134 135 161
135 162 161
135 136 162
136 163 162
136 137 163
137 164 163
137 138 164
138 165 164
138 139 165
139 166 165
139 140 166
140 167 166
140 141 167
141 168 167
141 142 168
142 169 168
142 143 169
143 170 169
143 144 170
144 171 170
144 145 171
145 172 171
145 146 172
146 173 172
146 147 173
147 174 173
147 148 174
148 175 174
148 149 175
149 176 175
149 150 176
150 177 176
150 151 177
151 178 177
151 152 178
152 179 178
152 153 179
153 180 179
153 154 180
154 181 180
154 155 181
155 182 181
155 156 182
157 184 183
157 158 184
158 185 184
158 159 185
159 186 185
159 160 186
160 187 186
160 161 187
161 188 187
161 162 188
162 189 188
162 163 189
163 190 189
163 164 190
164 191 190
164 165 191
165 192 191
165 166 192
166 193 192
166 167 193
167 194 193
167 168 194
168 195 194
168 169 195
169 196 195
169 170 196
170 197 196
170 171 197
171 198 197
171 172 198
172 199 198
172 173 199
173 200 199
173 174 200
174 201 200
174 175 201
175 202 201
175 176 202
176 203 202
176 177 203
177 204 203
177 178 204
178 205 204
178 179 205
179 206 205
179 180 206
180 207 206
180 181 207
181 208 207
181 182 208
183 210 209
183 184 210
184 211 210
184 185 211
185 212 211
185 186 212
186 213 212
186 187 213
187 214 213
187 188 214
188 215 214
188 189 215
189 216 215
189 190 216
190 217 216
190 191 217
191 218 217
191 192 218
192 219 218
192 193 219
193 220 219
193 194 220
194 221 220
194 195 221
195 222 221
195 196 222
196 223 222
196 197 223
197 224 223
197 198 224
198 225 224
198 199 225
199 226 225
199 200 226
200 227 226
200 201 227
201 228 227
201 202 228
202 229 228
202 203 229
203 230 229
203 204 230
204 231 230
204 205 231
205 232 231
205 206 232
206 233 232
206 207 233
207 234 233
207 208 234
209 236 235
209 210 236
210 237 236
210 211 237
211 238 237
211 212 238
212 239 238
212 213 239
213 240 239
213 214 240
214 241 240
214 215 241
215 242 241
215 216 242
216 243 242
216 217 243
217 244 243
217 218 244
218 245 244
218 219 245
219 246 245
219 220 246
220 247 246
220 221 247
221 248 247
221 222 248
222 249 248
222 223 249
223 250 249
223 224 250
224 251 250
224 225 251
225 252 251
225 226 252
226 253 252
226 227 253
227 254 253
227 228 254
228 255 254
228 229 255
229 256 255
229 230 256
230 257 256
230 231 257
231 258 257
231 232 258
232 259 258
232 233 259
233 260 259
233 234 260
235 262 261
235 236 262
236 263 262
236 237 263
237 264 263
237 238 264
238 265 264
238 239 265
239 266 265
239 240 266
240 267 266
240 241 267
241 268 267
241 242 268
242 269 268
242 243 269
243 270 269
243 244 270
244 271 270
244 245 271
245 272 271
245 246 272
246 273 272
246 247 273
247 274 273
247 248 274
248 275 274
248 249 275
249 276 275
249 250 276
250 277 276
250 251 277
251 278 277
251 252 278
252 279 278
252 253 279
253 280 279
253 254 280
254 281 280
254 255 281
255 282 281
255 256 282
256 283 282
256 257 283
257 284 283
257 258 284
258 285 284
258 259 285
259 286 285
259 260 286
261 288 287
261 262 288
262 289 288
262 263 289
263 290 289
263 264 290
264 291 290
264 265 291
265 292 291
265 266 292
266 293 292
266 267 293
267 294 293
267 268 294
268 295 294
268 269 295
269 296 295
269 270 296
270 297 296
270 271 297
271 298 297
271 272 298
272 299 298
272 273 299
273 300 299
273 274 300
274 301 300
274 275 301
275 302 301
275 276 302
276 303 302
276 277 303
277 304 303
277 278 304
278 305 304
278 279 305
279 306 305
279 280 306
280 307 306
280 281 307
281 308 307
281 282 308
282 309 308
282 283 309
283 310 309
283 284 310
284 311 310
284 285 311
285 312 311
285 286 312
287 314 313
287 288 314
288 315 314
288 289 315
289 316 315
289 290 316
290 317 316
290 291 317
291 318 317
291 292 318
292 319 318
292 293 319
293 320 319
293 294 320
294 321 320
294 295 321
295 322 321
295 296 322
296 323 322
296 297 323
297 324 323
297 298 324
298 325 324
298 299 325
299 326 325
299 300 326
300 327 326
300 301 327
301 328 327
301 302 328
302 329 328
302 303 329
303 330 329
303 304 330
304 331 330
304 305 331
305 332 331
305 306 332
306 333 332
306 307 333
307 334 333
307 308 334
308 335 334
308 309 335
309 336 335
309 310 336
310 337 336
310 311 337
311 338 337
311 312 338
313 340 339
313 314 340
314 341 340
314 315 341
315 342 341
315 316 342
316 343 342
316 317 343
317 344 343
317 318 344
318 345 344
318 319 345
319 346 345
319 320 346
320 347 346
320 321 347
321 348 347
321 322 348
322 349 348
322 323 349
323 350 349
323 324 350
324 351 350
324 325 351
325 352 351
325 326 352
326 353 352
326 327 353
327 354 353
327 328 354
328 355 354
328 329 355
329 356 355
329 330 356
330 357 356
330 331 357
331 358 357
331 332 358
332 359 358
332 333 359
333 360 359
333 334 360
334 361 360
334 335 361
335 362 361
335 336 362
336 363 362
336 337 363
337 364 363
337 338 364
339 366 365
339 340 366
340 367 366
340 341 367
341 368 367
341 342 368
342 369 368
342 343 369
343 370 369
343 344 370
344 371 370
344 345 371
345 372 371
345 346 372
346 373 372
346 347 373
347 374 373
347 348 374
348 375 374
348 349 375
349 376 375
349 350 376
350 377 376
350 351 377
351 378 377
351 352 378
352 379 378
352 353 379
353 380 379
353 354 380
354 381 380
354 355 381
355 382 381
355 356 382
356 383 382
356 357 383
357 384 383
357 358 384
358 385 384
358 359 385
359 386 385
359 360 386
360 387 386
360 361 387
361 388 387
361 362 388
362 389 388
362 363 389
363 390 389
363 364 390
365 392 391
365 366 392
366 393 392
366 367 393
367 394 393
367 368 394
368 395 394
368 369 395
369 396 395
369 370 396
370 397 396
370 371 397
371 398 397
371 372 398
372 399 398
372 373 399
373 400 399
373 374 400
374 401 400
374 375 401
375 402 401
375 376 402
376 403 402
376 377 403
377 404 403
377 378 404
378 405 404
378 379 405
379 406 405
379 380 406
380 407 406
380 381 407
381 408 407
381 382 408
382 409 408
382 383 409
383 410 409
383 384 410
384 411 410
384 385 411
385 412 411
385 386 412
386 413 412
386 387 413
387 414 413
387 388 414
388 415 414
388 389 415
389 416 415
389 390 416
391 418 417
391 392 418
392 419 418
392 393 419
393 420 419
393 394 420
394 421 420
394 395 421
395 422 421
395 396 422
396 423 422
396 397 423
397 424 423
397 398 424
398 425 424
398 399 425
399 426 425
399 400 426
400 427 426
400 401 427
401 428 427
401 402 428
402 429 428
402 403 429
403 430 429
403 404 430
404 431 430
404 405 431
405 432 431
405 406 432
406 433 432
406 407 433
407 434 433
407 408 434
408 435 434
408 409 435
409 436 435
409 410 436
410 437 436
410 411 437
411 438 437
411 412 438
412 439 438
412 413 439
413 440 439
413 414 440
414 441 440
414 415 441
415 442 441
415 416 442
417 444 443
417 418 444
418 445 444
418 419 445
419 446 445
419 420 446
420 447 446
420 421 447
421 448 447
421 422 448
422 449 448
422 423 449
423 450 449
423 424 450
424 451 450
424 425 451
425 452 451
425 426 452
426 453 452
426 427 453
427 454 453
427 428 454
428 455 454
428 429 455
429 456 455
429 430 456
430 457 456
430 431 457
431 458 457
431 432 458
432 459 458
432 433 459
433 460 459
433 434 460
434 461 460
434 435 461
435 462 461
435 436 462
436 463 462
436 437 463
437 464 463
437 438 464
438 465 464
438 439 465
439 466 465
439 440 466
440 467 466
440 441 467
441 468 467
441 442 468
443 470 469
443 444 470
444 471 470
444 445 471
445 472 471
445 446 472
446 473 472
446 447 473
447 474 473
447 448 474
448 475 474
448 449 475
449 476 475
449 450 476
450 477 476
450 451 477
451 478 477
451 452 478
452 479 478
452 453 479
453 480 479
453 454 480
454 481 480
454 455 481
455 482 481
455 456 482
456 483 482
456 457 483
457 484 483
457 458 484
458 485 484
458 459 485
459 486 485
459 460 486
460 487 486
460 461 487
461 488 487
461 462 488
462 489 488
462 463 489
463 490 489
463 464 490
464 491 490
464 465 491
465 492 491
465 466 492
466 493 492
466 467 493
467 494 493
467 468 494
469 496 495
469 470 496
470 497 496
470 471 497
471 498 497
471 472 498
472 499 498
472 473 499
473 500 499
473 474 500
474 501 500
474 475 501
475 502 501
475 476 502
476 503 502
476 477 503
477 504 503
477 478 504
478 505 504
478 479 505
479 506 505
479 480 506
480 507 506
480 481 507
481 508 507
481 482 508
482 509 508
482 483 509
483 510 509
483 484 510
484 511 510
484 485 511
485 512 511
485 486 512
486 513 512
486 487 513
487 514 513
487 488 514
488 515 514
488 489 515
489 516 515
489 490 516
490 517 516
490 491 517
491 518 517
491 492 518
492 519 518
492 493 519
493 520 519
493 494 520
495 522 521
495 496 522
496 523 522
496 497 523
497 524 523
497 498 524
498 525 524
498 499 525
499 526 525
499 500 526
500 527 526
500 501 527
501 528 527
501 502 528
502 529 528
502 503 529
503 530 529
503 504 530
504 531 530
504 505 531
505 532 531
505 506 532
506 533 532
506 507 533
507 534 533
507 508 534
508 535 534
508 509 535
509 536 535
509 510 536
510 537 536
510 511 537
511 538 537
511 512 538
512 539 538
512 513 539
513 540 539
513 514 540
514 541 540
514 515 541
515 542 541
515 516 542
516 543 542
516 517 543
517 544 543
517 518 544
518 545 544
518 519 545
519 546 545
519 520 546
521 548 547
521 522 548
522 549 548
522 523 549
523 550 549
523 524 550
524 551 550
524 525 551
525 552 551
525 526 552
526 553 552
526 527 553
527 554 553
527 528 554
528 555 554
528 529 555
529 556 555
529 530 556
530 557 556
530 531 557
531 558 557
531 532 558
532 559 558
532 533 559
533 560 559
533 534 560
534 561 560
534 535 561
535 562 561
535 536 562
536 563 562
536 537 563
537 564 563
537 538 564
538 565 564
538 539 565
539 566 565
539 540 566
540 567 566
540 541 567
541 568 567
541 542 568
542 569 568
542 543 569
543 570 569
543 544 570
544 571 570
544 545 571
545 572 571
545 546 572
547 574 573
547 548 574
548 575 574
548 549 575
549 576 575
549 550 576
550 577 576
550 551 577
551 578 577
551 552 578
552 579 578
552 553 579
553 580 579
553 554 580
554 581 580
554 555 581
555 582 581
555 556 582
556 583 582
556 557 583
557 584 583
557 558 584
558 585 584
558 559 585
559 586 585
559 560 586
560 587 586
560 561 587
561 588 587
561 562 588
562 589 588
562 563 589
563 590 589
563 564 590
564 591 590
564 565 591
565 592 591
565 566 592
566 593 592
566 567 593
567 594 593
567 568 594
568 595 594
568 569 595
569 596 595
569 570 596
570 597 596
570 571 597
571 598 597
571 572 598
573 600 599
573 574 600
574 601 600
574 575 601
575 602 601
575 576 602
576 603 602
576 577 603
577 604 603
577 578 604
578 605 604
578 579 605
579 606 605
579 580 606
580 607 606
580 581 607
581 608 607
581 582 608
582 609 608
582 583 609
583 610 609
583 584 610
584 611 610
584 585 611
585 612 611
585 586 612
586 613 612
586 587 613
587 614 613
587 588 614
588 615 614
588 589 615
589 616 615
589 590 616
590 617 616
590 591 617
591 618 617
591 592 618
592 619 618
592 593 619
593 620 619
593 594 620
594 621 620
594 595 621
595 622 621
595 596 622
596 623 622
596 597 623
597 624 623
597 598 624
599 626 625
599 600 626
600 627 626
600 601 627
601 628 627
601 602 628
602 629 628
602 603 629
603 630 629
603 604 630
604 631 630
604 605 631
605 632 631
605 606 632
606 633 632
606 607 633
607 634 633
607 608 634
608 635 634
608 609 635
609 636 635
609 610 636
610 637 636
610 611 637
611 638 637
611 612 638
612 639 638
612 613 639
613 640 639
613 614 640
614 641 640
614 615 641
615 642 641
615 616 642
616 643 642
616 617 643
617 644 643
617 618 644
618 645 644
618 619 645
619 646 645
619 620 646
620 647 646
620 621 647
621 648 647
621 622 648
622 649 648
622 623 649
623 650 649
623 624 650
625 652 651
625 626 652
626 653 652
626 627 653
627 654 653
627 628 654
628 655 654
628 629 655
629 656 655
629 630 656
630 657 656
630 631 657
631 658 657
631 632 658
632 659 658
632 633 659
633 660 659
633 634 660
634 661 660
634 635 661
635 662 661
635 636 662
636 663 662
636 637 663
637 664 663
637 638 664
638 665 664
638 639 665
639 666 665
639 640 666
640 667 666
640 641 667
641 668 667
641 642 668
642 669 668
642 643 669
643 670 669
643 644 670
644 671 670
644 645 671
645 672 671
645 646 672
646 673 672
646 647 673
647 674 673
647 648 674
648 675 674
648 649 675
649 676 675
649 650 676
